Mw	P
2	1.7056930179987774e-13
2.0980980980980979	1.8796479052417578e-13
2.1961961961961962	2.0511687218321747e-13
2.2942942942942941	2.2305028941088073e-13
2.3923923923923924	2.4191191907260289e-13
2.4904904904904903	2.6074598498973992e-13
2.5885885885885886	2.8015245730335577e-13
2.6866866866866865	3.0007934197631226e-13
2.7847847847847849	3.2328367443805721e-13
2.8828828828828827	3.4681428143750162e-13
2.9809809809809811	3.7243543359596683e-13
3.079079079079079	3.990676421690721e-13
3.1771771771771773	4.2551614540642335e-13
3.2752752752752752	4.5197216651935999e-13
3.3733733733733731	4.7985161045801423e-13
3.4714714714714714	5.0811641771983905e-13
3.5695695695695697	5.36444063829015e-13
3.6676676676676676	5.6572652519735696e-13
3.7657657657657655	5.9733445841460907e-13
3.8638638638638643	6.2849281587639524e-13
3.9619619619619622	6.5922369781059681e-13
4.06006006006006	6.9326091497869208e-13
4.1581581581581579	7.3169893616303268e-13
4.2562562562562558	7.7074612286681753e-13
4.3543543543543546	8.1046668524905332e-13
4.4524524524524525	8.5351297394171476e-13
4.5505505505505504	8.9623087335639476e-13
4.6486486486486491	9.3985326452761047e-13
4.7467467467467461	9.8488155822354654e-13
4.8448448448448449	1.0309111591697017e-12
4.9429429429429428	1.0764118822033623e-12
5.0410410410410407	1.1222281992104847e-12
5.1391391391391394	1.1727816999445027e-12
5.2372372372372364	1.2242964925860486e-12
5.3353353353353352	1.2752482737704153e-12
5.433433433433434	1.3266667482985189e-12
5.531531531531531	1.3849318922481354e-12
5.6296296296296298	1.4442444894943883e-12
5.7277277277277285	1.5058533128437262e-12
5.8258258258258255	1.5712780691585027e-12
5.9239239239239243	1.6380565686594262e-12
6.0220220220220222	1.7041689104729868e-12
6.1201201201201201	1.7696332678973582e-12
6.218218218218218	1.8393989703345562e-12
6.3163163163163158	1.9108877814471997e-12
6.4144144144144146	1.98401074745715e-12
6.5125125125125125	2.0584323306659084e-12
6.6106106106106104	2.1366262596542525e-12
6.7087087087087083	2.2140806871409158e-12
6.8068068068068062	2.2911209615680948e-12
6.9049049049049049	2.3776647744545367e-12
7.0030030030030028	2.4688369490138699e-12
7.1011011011011007	2.5618621610989937e-12
7.1991991991991986	2.6544121238266885e-12
7.2972972972972974	2.7534679088027272e-12
7.3953953953953953	2.8531619163565214e-12
7.4934934934934931	2.9537551515286905e-12
7.591591591591591	3.055914197376894e-12
7.6896896896896889	3.1641502468312635e-12
7.7877877877877877	3.2738154889301227e-12
7.8858858858858856	3.3825392427705237e-12
7.9839839839839835	3.4984418700917151e-12
8.0820820820820813	3.6182770329254563e-12
8.1801801801801801	3.7370915804677934e-12
8.2782782782782789	3.85847842263392e-12
8.3763763763763777	3.995177187886139e-12
8.4744744744744729	4.1331303103629974e-12
8.5725725725725717	4.2730681082696499e-12
8.6706706706706704	4.4168483573109494e-12
8.7687687687687692	4.5688397894413424e-12
8.866866866866868	4.7195919729735444e-12
8.9649649649649632	4.8691264896898446e-12
9.063063063063062	5.0305198711522496e-12
9.1611611611611607	5.2011246646316087e-12
9.2592592592592595	5.37035924543165e-12
9.3573573573573583	5.5382464537549154e-12
9.4554554554554571	5.7219156922915457e-12
9.5535535535535523	5.9044017367909192e-12
9.6516516516516511	6.0902303100865594e-12
9.7497497497497498	6.2933097773039664e-12
9.8478478478478486	6.5096397515655839e-12
9.9459459459459474	6.724289403389324e-12
10.044044044044044	6.9373150562592371e-12
10.142142142142141	7.1665264507930781e-12
10.24024024024024	7.4058962710702592e-12
10.338338338338339	7.6456616817809501e-12
10.436436436436436	7.8885207482160933e-12
10.534534534534535	8.1590322480188632e-12
10.632632632632632	8.4274700331683304e-12
10.73073073073073	8.6938646624867802e-12
10.828828828828829	8.9761827851357254e-12
10.926926926926926	9.2811418663389974e-12
11.025025025025025	9.5876539322370174e-12
11.123123123123122	9.9031357173162734e-12
11.221221221221221	1.0247589178553352e-11
11.31931931931932	1.0604494723466852e-11
11.417417417417417	1.096472002110959e-11
11.515515515515515	1.1323948214870044e-11
11.613613613613612	1.1736404113263668e-11
11.711711711711711	1.2148770490798129e-11
11.80980980980981	1.256158976042038e-11
11.907907907907907	1.3000218989743656e-11
12.006006006006006	1.3484923969517398e-11
12.104104104104103	1.396605248604419e-11
12.202202202202201	1.4443652110359966e-11
12.3003003003003	1.4984523888100468e-11
12.398398398398397	1.5555145627363989e-11
12.496496496496496	1.6138866256436905e-11
12.594594594594595	1.6727944331354422e-11
12.692692692692692	1.7429859982443093e-11
12.790790790790791	1.8126669748733575e-11
12.888888888888888	1.8818438999095378e-11
12.986986986986986	1.9571151595875292e-11
13.085085085085085	2.0437903130601014e-11
13.183183183183182	2.1300924230469596e-11
13.281281281281281	2.2157749294152473e-11
13.379379379379378	2.3170866591939395e-11
13.477477477477477	2.4236302031893199e-11
13.575575575575575	2.5295549213061387e-11
13.673673673673672	2.6380248502151637e-11
13.771771771771771	2.7742423015978689e-11
13.86986986986987	2.9106662753683401e-11
13.967967967967967	3.0461234076379149e-11
14.066066066066066	3.1954197680854342e-11
14.164164164164164	3.3652090555869707e-11
14.262262262262263	3.5346914362936048e-11
14.360360360360358	3.7032952649519263e-11
14.458458458458457	3.8785239450463479e-11
14.556556556556556	4.0548588583485518e-11
14.654654654654655	4.2299715607579355e-11
14.752752752752754	4.3888882756331027e-11
14.850850850850849	4.3920983632101724e-11
14.948948948948948	4.3953446391136275e-11
15.047047047047046	4.3992636589316605e-11
15.145145145145145	4.1169639450533882e-11
15.243243243243244	3.4651857706793403e-11
15.341341341341339	2.8200577137941945e-11
15.439439439439438	2.1798085837058284e-11
15.537537537537537	1.9415760356035953e-11
15.635635635635635	1.8202383420943494e-11
15.733733733733734	1.7008551258783808e-11
15.831831831831833	1.5831247145940187e-11
15.929929929929928	1.4684635883871502e-11
16.028028028028025	1.3957746890419582e-11
16.126126126126124	1.4259888417227451e-11
16.224224224224223	1.4560580448267221e-11
16.322322322322321	1.4859835660837686e-11
16.42042042042042	1.5185441197015287e-11
16.518518518518519	1.5531922496650793e-11
16.616616616616618	1.588906618882238e-11
16.714714714714717	1.6247656244192298e-11
16.812812812812815	1.6604555682050784e-11
16.910910910910914	1.6959778891167304e-11
17.009009009009006	1.7338988094515801e-11
17.107107107107105	1.7750887390774534e-11
17.205205205205203	1.8160838278410639e-11
17.303303303303302	1.8568857160546632e-11
17.401401401401401	1.8975513427605502e-11
17.4994994994995	1.9380696458515871e-11
17.597597597597598	1.982774137112253e-11
17.695695695695697	2.0287350773774068e-11
17.793793793793796	2.0763341576346717e-11
17.891891891891895	2.1237099634226797e-11
17.989989989989986	2.172074586782538e-11
18.088088088088089	2.221510911498035e-11
18.186186186186188	2.2764052717359688e-11
18.284284284284283	2.3310445641967513e-11
18.382382382382382	2.387017213206259e-11
18.48048048048048	2.4443139102696736e-11
18.578578578578579	2.5013466250187132e-11
18.676676676676678	2.5612900809428861e-11
18.774774774774773	2.6265005093398329e-11
18.872872872872872	2.6914837500612952e-11
18.970970970970971	2.7562048316933185e-11
19.069069069069069	2.8233691926600976e-11
19.167167167167168	2.891374726329666e-11
19.265265265265263	2.9661220968958566e-11
19.363363363363362	3.0461133698163926e-11
19.461461461461461	3.1266102972130022e-11
19.55955955955956	3.2067402182267243e-11
19.657657657657658	3.2865059771470705e-11
19.755755755755754	3.3704476978144987e-11
19.853853853853852	3.4684052592153491e-11
19.951951951951951	3.5681293814405289e-11
20.05005005005005	3.6673987556581738e-11
20.148148148148149	3.7662168666847962e-11
20.246246246246244	3.8645871579217318e-11
20.344344344344343	3.96586785446814e-11
20.442442442442442	4.0924158835202968e-11
20.54054054054054	4.2183877568340695e-11
20.638638638638639	4.3437878393525176e-11
20.736736736736734	4.4696629719587108e-11
20.834834834834833	4.5962292421782051e-11
20.932932932932932	4.7317889070793866e-11
21.031031031031031	4.8861147579875274e-11
21.129129129129129	5.0452574534401421e-11
21.227227227227225	5.2036867593353394e-11
21.325325325325323	5.3614079578522894e-11
21.423423423423422	5.5184262717071863e-11
21.521521521521521	5.6840722541237313e-11
21.61961961961962	5.8548934664036904e-11
21.717717717717715	6.0306554615519102e-11
21.815815815815814	6.211007440877544e-11
21.913913913913913	6.3905835075968651e-11
22.012012012012011	6.5693699283310204e-11
22.11011011011011	6.6695470829610955e-11
22.208208208208205	6.7583769765529315e-11
22.306306306306304	6.8468465394664449e-11
22.404404404404403	6.9454219460697275e-11
22.502502502502502	7.0475680207456445e-11
22.6006006006006	7.0941665041779291e-11
22.698698698698696	6.6985947333435069e-11
22.796796796796794	6.3048775528585396e-11
22.894894894894893	5.9130011745575012e-11
22.992992992992992	5.5229519598527464e-11
23.091091091091091	5.1532897544167313e-11
23.189189189189189	4.9028342680457187e-11
23.287287287287285	4.8593327668338772e-11
23.385385385385383	4.8160873279351583e-11
23.483483483483482	4.7737675769913894e-11
23.581581581581581	4.7340386162649879e-11
23.67967967967968	4.6981758338377005e-11
23.777777777777775	4.6862179689348655e-11
23.875875875875874	4.6743801396144461e-11
23.973973973973973	4.6626611925679974e-11
24.072072072072071	4.7486263598027579e-11
24.17017017017017	4.8694340922575805e-11
24.268268268268265	4.9897772514589379e-11
24.366366366366364	5.1208395685527523e-11
24.464464464464463	5.2733759417310681e-11
24.562562562562562	5.4253225145545182e-11
24.66066066066066	5.5766963874969321e-11
24.758758758758756	5.7276667379960261e-11
24.856856856856854	5.8784298380160567e-11
24.954954954954953	6.0316495692762022e-11
25.053053053053052	6.1948172609853713e-11
25.151151151151151	6.366287348338402e-11
25.24924924924925	6.5371060657351509e-11
25.347347347347345	6.7072774428955399e-11
25.445445445445444	6.8768054722354753e-11
25.543543543543542	7.0456941093624315e-11
25.641641641641641	7.2139472735621116e-11
25.73973973973974	7.2936984302119317e-11
25.837837837837835	7.3431334586329083e-11
25.935935935935934	7.3924052181181843e-11
26.034034034034033	7.4415146056964648e-11
26.132132132132131	7.4904995000473305e-11
26.23023023023023	7.539503141085429e-11
26.328328328328329	7.5922534643825131e-11
26.426426426426424	7.0565490911925825e-11
26.524524524524526	6.4913828712437477e-11
26.622622622622622	5.9284317447666702e-11
26.720720720720717	5.3676819803219311e-11
26.818818818818819	4.8091199702989938e-11
26.916916916916914	4.2527322293517621e-11
27.015015015015017	3.7616361843339232e-11
27.113113113113112	3.6211036854079635e-11
27.211211211211207	3.4811379297670322e-11
27.30930930930931	3.3417353811116774e-11
27.407407407407405	3.2028925346765834e-11
27.505505505505507	3.0646059168418553e-11
27.603603603603602	2.9269400995629581e-11
27.701701701701698	2.7942057442988086e-11
27.7997997997998	2.6625784434366226e-11
27.897897897897895	2.5314808622552877e-11
27.995995995995997	2.4009097352462304e-11
28.094094094094093	2.4232668259091966e-11
28.192192192192188	2.4520486314736913e-11
28.29029029029029	2.4807580008720447e-11
28.388388388388385	2.5093952438738346e-11
28.486486486486488	2.5379606680199742e-11
28.584584584584583	2.5664545786491716e-11
28.682682682682678	2.5948772789239719e-11
28.780780780780781	2.6232290698563165e-11
28.878878878878876	2.6515102503326661e-11
28.976976976976978	2.6797211171387112e-11
29.075075075075073	2.7121640999982619e-11
29.173173173173176	2.7459999400857965e-11
29.271271271271271	2.7797518274297261e-11
29.369369369369366	2.8134201133914808e-11
29.467467467467468	2.847005146891463e-11
29.565565565565564	2.8805072744367749e-11
29.663663663663666	2.9139268401485009e-11
29.761761761761761	2.94726418578851e-11
29.859859859859856	2.980519650785845e-11
29.957957957957959	3.0136935722626534e-11
30.056056056056054	3.0467862850596951e-11
30.154154154154156	3.0797981217614647e-11
30.252252252252251	3.1127294127208573e-11
30.350350350350347	3.1455804860834839e-11
30.448448448448449	3.1824700797116777e-11
30.546546546546544	3.2216433555117628e-11
30.644644644644647	3.260904407494095e-11
30.742742742742742	3.3000701859403129e-11
30.840840840840837	3.3391410763404755e-11
30.938938938938939	3.3781174616474567e-11
31.037037037037035	3.4169997223038352e-11
31.135135135135137	3.4557882362684041e-11
31.233233233233232	3.4944833790422208e-11
31.331331331331327	3.5330855236943035e-11
31.42942942942943	3.5715950408868923e-11
31.527527527527525	3.6100122989003341e-11
31.625625625625627	3.6483376636576108e-11
31.723723723723722	3.6865714987484614e-11
31.821821821821825	3.7285774577535214e-11
31.91991991991992	3.7738221284614816e-11
32.018018018018012	3.8191905062653697e-11
32.116116116116117	3.8646213547658326e-11
32.214214214214209	3.9099442912080428e-11
32.312312312312315	3.9551597386811329e-11
32.410410410410407	4.000268117624517e-11
32.508508508508505	4.0452698458542836e-11
32.606606606606604	4.0901653385891084e-11
32.704704704704703	4.134955008475857e-11
32.802802802802802	4.1796392656147778e-11
32.900900900900901	4.2242185175843485e-11
32.998998998998999	4.2686931694657595e-11
33.097097097097098	4.3130636238670554e-11
33.195195195195197	4.3613687174468186e-11
33.293293293293296	4.4150967865481233e-11
33.391391391391394	4.4686992227751811e-11
33.489489489489486	4.5224866782910117e-11
33.587587587587592	4.5762965651878046e-11
33.685685685685684	4.6299812108905157e-11
33.78378378378379	4.6835410924475648e-11
33.881881881881881	4.7369766840506823e-11
33.979979979979973	4.7902884570617228e-11
34.078078078078079	4.8434768800390301e-11
34.176176176176178	4.8965424187634414e-11
34.274274274274276	4.9494855362639916e-11
34.372372372372375	5.0023066928432267e-11
34.470470470470467	5.0550063461021754e-11
34.568568568568566	5.1108374084499017e-11
34.666666666666664	5.1738768526444231e-11
34.764764764764763	5.2367716060031756e-11
34.862862862862862	5.2995222091564621e-11
34.960960960960961	5.3626048523848751e-11
35.059059059059059	5.4256787231575457e-11
35.157157157157158	5.4886086817157348e-11
35.255255255255257	5.5513952613325257e-11
35.353353353353356	5.6140389922189322e-11
35.451451451451454	5.6765404015510145e-11
35.549549549549546	5.7389000134966323e-11
35.647647647647645	5.8011183492418712e-11
35.745745745745744	5.8631959270170974e-11
35.843843843843842	5.9251332621227098e-11
35.941941941941941	5.9894380659485933e-11
36.04004004004004	6.0641161728897547e-11
36.138138138138139	6.1386259362038161e-11
36.236236236236238	6.2129679697208953e-11
36.334334334334336	6.2871428838307816e-11
36.432432432432435	6.3617571462780963e-11
36.530530530530527	6.436287075918448e-11
36.628628628628626	6.5106501887211654e-11
36.726726726726724	6.5848470870260146e-11
36.824824824824823	6.658878369845606e-11
36.922922922922922	6.7327446328933334e-11
37.021021021021021	6.8064464686109936e-11
37.119119119119119	6.879984466196046e-11
37.217217217217218	6.9533592116285616e-11
37.315315315315317	7.0279082561532478e-11
37.413413413413416	7.118142531473533e-11
37.511511511511507	7.2081769021917189e-11
37.609609609609606	7.2980120806460405e-11
37.707707707707705	7.387648775315427e-11
37.805805805805804	7.47708769085112e-11
37.903903903903903	7.5671121640810206e-11
38.002002002002001	7.6569538986733017e-11
38.1001001001001	7.7465982316319772e-11
38.198198198198199	7.8360458586018167e-11
38.296296296296298	7.9252974715197401e-11
38.394394394394396	8.0143537586444895e-11
38.492492492492488	8.1032154045859481e-11
38.590590590590594	8.1918830903341597e-11
38.688688688688686	8.2803574932879143e-11
38.786786786786784	8.3874890182922561e-11
38.884884884884883	8.4951084836656568e-11
38.982982982982982	8.6024938785476555e-11
39.081081081081081	8.7096460172157986e-11
39.179179179179179	8.8165657096874506e-11
39.277277277277278	8.9233450601033918e-11
39.375375375375377	9.0309140515534453e-11
39.473473473473469	9.1382506498373926e-11
39.571571571571575	9.2453556562976578e-11
39.669669669669666	9.3522298681368987e-11
39.767767767767765	9.458874078449816e-11
39.865865865865864	9.5652890762544837e-11
39.963963963963963	9.6714756465234217e-11
40.062062062062061	9.7774345702143005e-11
40.16016016016016	9.9054848904893498e-11
40.258258258258259	1.0037241355487931e-10
40.356356356356358	1.0168715956513645e-10
40.454454454454449	1.0299909653695079e-10
40.552552552552555	1.0430823402285579e-10
40.650650650650647	1.0561458152699651e-10
40.748748748748746	1.0692042838308425e-10
40.846846846846844	1.0823364818364304e-10
40.944944944944943	1.0954408041855446e-10
41.043043043043042	1.1085173448808705e-10
41.141141141141141	1.1215661974545439e-10
41.23923923923924	1.1345874549716082e-10
41.337337337337338	1.147581210033435e-10
41.43543543543543	1.1605475547811061e-10
41.533533533533536	1.1759879333897808e-10
41.631631631631627	1.1923017271716149e-10
41.729729729729733	1.2085811802465766e-10
41.827827827827825	1.2248264072516406e-10
41.925925925925924	1.2410375222579051e-10
42.024024024024023	1.2572146387746573e-10
42.122122122122121	1.27335786975341e-10
42.22022022022022	1.2895150060214418e-10
42.318318318318319	1.3057581476505162e-10
42.416416416416411	1.3219673977050197e-10
42.514514514514516	1.33814286805858e-10
42.612612612612608	1.3542846700411741e-10
42.710710710710714	1.370392914442979e-10
42.808808808808806	1.38646771151815e-10
42.906906906906904	1.4053122268938742e-10
43.005005005005003	1.4258389159503536e-10
43.103103103103102	1.4463230734334625e-10
43.201201201201201	1.4667648385871726e-10
43.2992992992993	1.4871643499862364e-10
43.397397397397391	1.507521745540837e-10
43.495495495495497	1.5278371625011981e-10
43.593593593593589	1.5481107374621255e-10
43.691691691691695	1.5684263459337691e-10
43.789789789789786	1.5888334003570175e-10
43.887887887887885	1.6091985837435926e-10
43.985985985985984	1.6295220314986494e-10
44.084084084084083	1.6498038783875057e-10
44.182182182182181	1.6700442585399849e-10
44.28028028028028	1.6932636434687622e-10
44.378378378378379	1.7193965596795837e-10
44.476476476476478	1.7454761605841219e-10
44.574574574574569	1.7715026174747981e-10
44.672672672672675	1.7974761008415009e-10
44.770770770770767	1.8233967803769555e-10
44.868868868868873	1.8492648249820827e-10
44.966966966966964	1.8750804027712576e-10
45.065065065065063	1.9008436810775738e-10
45.163163163163162	1.9266950951419192e-10
45.261261261261261	1.9526418476097821e-10
45.35935935935936	1.9785362304695964e-10
45.457457457457458	2.0043784097531168e-10
45.55555555555555	2.0301685507281075e-10
45.653653653653656	2.0591623556537785e-10
45.751751751751748	2.0931823772545605e-10
45.849849849849853	2.1271340371580694e-10
45.947947947947945	2.1610175510385606e-10
46.046046046046044	2.1948331335840156e-10
46.144144144144143	2.2285809985025204e-10
46.242242242242241	2.2622613585286253e-10
46.34034034034034	2.2958744254296354e-10
46.438438438438439	2.3294204100118443e-10
46.536536536536531	2.3628995221267123e-10
46.634634634634637	2.396535482000206e-10
46.732732732732728	2.4302608130326586e-10
46.830830830830834	2.4639191590008698e-10
46.928928928928926	2.4975107282520348e-10
47.027027027027025	2.5338595685417406e-10
47.125125125125123	2.5775546980923476e-10
47.223223223223222	2.6211633312852861e-10
47.321321321321321	2.6646857361802255e-10
47.41941941941942	2.7081221796394252e-10
47.517517517517511	2.751472927335267e-10
47.615615615615617	2.7947382437577435e-10
47.713713713713709	2.8379183922218303e-10
47.811811811811815	2.8810136348748784e-10
47.909909909909906	2.9240242327038404e-10
48.008008008008012	2.96695044554254e-10
48.106106106106104	3.0101582718715552e-10
48.204204204204203	3.0534460280905839e-10
48.302302302302301	3.0966491601007885e-10
48.4004004004004	3.1418369570345354e-10
48.498498498498499	3.1977152603123758e-10
48.596596596596598	3.2534845732161708e-10
48.694694694694689	3.3091452276827921e-10
48.792792792792795	3.3646975541995212e-10
48.890890890890887	3.4201418818128687e-10
48.988988988988993	3.4754785381374076e-10
49.087087087087085	3.5307078493644237e-10
49.185185185185183	3.5858301402706071e-10
49.283283283283282	3.6408457342265711e-10
49.381381381381381	3.6957549532053608e-10
49.47947947947948	3.7505581177908739e-10
49.577577577577578	3.8057668406426818e-10
49.67567567567567	3.8610043011961207e-10
49.773773773773776	3.9162949096730602e-10
49.871871871871868	3.97475990345073e-10
49.969969969969974	4.0331125841600419e-10
50.068068068068065	4.0913532877343232e-10
50.166166166166164	4.149482348673834e-10
50.264264264264263	4.207500100054212e-10
50.362362362362362	4.2654068735349088e-10
50.46046046046046	4.3232029993675393e-10
50.558558558558559	4.3808888064041653e-10
50.656656656656658	4.4384646221055134e-10
50.754754754754757	4.4959307725491233e-10
50.852852852852848	4.5532875824374344e-10
50.950950950950954	4.6105353751058224e-10
51.049049049049053	4.6683937205725919e-10
51.147147147147152	4.7262292951899695e-10
51.245245245245243	4.7220809582769518e-10
51.343343343343342	4.7134102981696084e-10
51.441441441441434	4.7047566017545412e-10
51.539539539539547	4.6961198166545447e-10
51.637637637637638	4.6874998907268185e-10
51.735735735735737	4.678896772061479e-10
51.833833833833829	4.6703104089801123e-10
51.931931931931928	4.6617407500343188e-10
52.030030030030034	4.6531877440042881e-10
52.128128128128132	4.6446513398973748e-10
52.226226226226224	4.6361314869466886e-10
52.324324324324323	4.6276281346096909e-10
52.422422422422414	4.61914123256682e-10
52.520520520520527	4.6108558848664345e-10
52.618618618618619	4.41160621063126e-10
52.716716716716718	4.1700243331672493e-10
52.81481481481481	3.9288951776122379e-10
52.912912912912908	3.6882174258808557e-10
53.011011011011014	3.4479897653315892e-10
53.109109109109113	3.2082108887358673e-10
53.207207207207205	2.9688794942473043e-10
53.305305305305303	2.7299942853712704e-10
53.403403403403395	2.4915539709347657e-10
53.501501501501508	2.2535572650562835e-10
53.5995995995996	2.0160028871163242e-10
53.697697697697699	1.7788895617275288e-10
53.79579579579579	1.5422160187056505e-10
53.893893893893889	1.3055729016200949e-10
53.991991991991995	1.2019571739342435e-10
54.090090090090094	1.1562791245063333e-10
54.188188188188185	1.1106854350728649e-10
54.286286286286284	1.0651758640093188e-10
54.384384384384376	1.0197501706695493e-10
54.482482482482489	9.7440811538032868e-11
54.58058058058058	9.2914945943602352e-11
54.678678678678679	8.8397396509318855e-11
54.776776776776771	8.3888139556532027e-11
54.87487487487487	7.9387151501756373e-11
54.972972972972975	7.4894408856151241e-11
55.071071071071074	7.0409888225002309e-11
55.169169169169166	6.5933566307206145e-11
55.267267267267265	6.1465419894759247e-11
55.365365365365356	5.6718231814781517e-11
55.463463463463469	5.0801451213742772e-11
55.561561561561561	4.4895377357533396e-11
55.65965965965966	3.8999980247878173e-11
55.757757757757751	3.3115230004980917e-11
55.855855855855857	2.7241096866882313e-11
55.953953953953956	2.1377551188831478e-11
56.052052052052055	1.7814068585245777e-11
56.150150150150147	1.6280467071057521e-11
56.248248248248245	1.4749570789210067e-11
56.346346346346351	1.3221372344634835e-11
56.44444444444445	1.1695864370823082e-11
56.542542542542542	1.0173039529674533e-11
56.64064064064064	8.6528905113475272e-12
56.738738738738732	7.13541003411095e-12
56.836836836836838	5.988100303969721e-12
56.934934934934937	5.7115365003759e-12
57.033033033033036	5.4354570381393963e-12
57.131131131131127	5.1598606038637761e-12
57.229229229229226	4.8847458891757728e-12
57.327327327327332	4.6101115906991535e-12
57.425425425425431	4.3359564100287038e-12
57.523523523523522	4.0622790537042802e-12
57.621621621621621	3.7890782331851509e-12
57.719719719719713	3.5163526648246227e-12
57.817817817817819	3.2441010698445521e-12
57.915915915915917	2.9723221743104194e-12
58.014014014014016	2.7010147091061708e-12
58.112112112112108	2.4301774099095492e-12
58.210210210210207	2.1598090171673716e-12
58.308308308308312	1.8899082760711825e-12
58.406406406406411	1.6204739365329692e-12
58.504504504504503	1.3515047531609663e-12
58.602602602602602	1.0829994852357098e-12
58.700700700700693	8.1495689668636295e-13
58.798798798798799	5.4737575606691915e-13
58.896896896896898	2.8025483653294938e-13
58.994994994994997	1.3592915818103527e-14
59.093093093093088	0
59.191191191191187	0
59.289289289289293	0
59.387387387387392	0
59.485485485485484	0
59.583583583583582	0
59.681681681681674	0
59.77977977977978	0
59.877877877877879	0
59.975975975975977	0
60.074074074074069	0
60.172172172172168	0
60.270270270270274	0
60.368368368368373	0
60.466466466466464	0
60.564564564564563	0
60.662662662662655	0
60.76076076076076	0
60.858858858858859	0
60.956956956956958	0
61.05505505505505	0
61.153153153153148	0
61.251251251251254	0
61.349349349349353	0
61.447447447447445	0
61.545545545545544	0
61.643643643643649	0
61.741741741741741	0
61.83983983983984	0
61.937937937937939	0
62.03603603603603	0
62.134134134134136	0
62.232232232232235	0
62.330330330330334	0
62.428428428428425	0
62.526526526526524	0
62.62462462462463	0
62.722722722722722	0
62.820820820820821	0
62.918918918918919	0
63.017017017017011	0
63.115115115115117	0
63.213213213213216	0
63.311311311311314	0
63.409409409409406	0
63.507507507507505	0
63.605605605605611	0
63.703703703703702	0
63.801801801801801	0
63.8998998998999	0
63.997997997997992	0
64.09609609609609	0
64.194194194194196	0
64.292292292292302	0
64.390390390390394	0
64.488488488488485	0
64.586586586586591	0
64.684684684684683	0
64.782782782782789	0
64.880880880880881	0
64.978978978978972	0
65.077077077077078	0
65.175175175175184	0
65.273273273273276	0
65.371371371371367	0
65.469469469469459	0
65.567567567567579	0
65.665665665665671	0
65.763763763763762	0
65.861861861861854	0
65.959959959959946	0
66.058058058058066	0
66.156156156156158	0
66.254254254254249	0
66.352352352352355	0
66.450450450450447	0
66.548548548548553	0
66.646646646646644	0
66.74474474474475	0
66.842842842842842	0
66.940940940940934	0
67.039039039039039	0
67.137137137137131	0
67.235235235235237	0
67.333333333333329	0
67.43143143143142	0
67.529529529529526	0
67.627627627627632	0
67.725725725725724	0
67.823823823823815	0
67.921921921921921	0
68.020020020020027	0
68.118118118118119	0
68.21621621621621	0
68.314314314314316	0
68.412412412412422	0
68.510510510510514	0
68.608608608608606	0
68.706706706706711	0
68.804804804804803	0
68.902902902902909	0
69.001001001001001	0
69.099099099099092	0
69.197197197197198	0
69.29529529529529	0
69.393393393393396	0
69.491491491491487	0
69.589589589589593	0
69.687687687687685	0
69.785785785785777	0
69.883883883883883	0
69.981981981981988	0
70.08008008008008	0
70.178178178178172	0
70.276276276276278	0
70.374374374374383	0
70.472472472472475	0
70.570570570570567	0
70.668668668668673	0
70.766766766766764	0
70.86486486486487	0
70.962962962962962	0
71.061061061061054	0
71.159159159159159	0
71.257257257257251	0
71.355355355355357	0
71.453453453453449	0
71.551551551551555	0
71.649649649649646	0
71.747747747747738	0
71.845845845845844	0
71.94394394394395	0
72.042042042042041	0
72.140140140140133	0
72.238238238238239	0
72.336336336336345	0
72.434434434434436	0
72.532532532532528	0
72.630630630630634	0
72.728728728728726	0
72.826826826826832	0
72.924924924924923	0
73.023023023023015	0
73.121121121121121	0
73.219219219219212	0
73.317317317317318	0
73.41541541541541	0
73.513513513513516	0
73.611611611611607	0
73.709709709709699	0
73.807807807807805	0
73.905905905905911	0
74.004004004004003	0
74.102102102102094	0
74.2002002002002	0
74.298298298298306	0
74.396396396396398	0
74.494494494494489	0
74.592592592592595	0
74.690690690690701	0
74.788788788788793	0
74.886886886886884	0
74.984984984984976	0
75.083083083083082	0
75.181181181181188	0
75.27927927927928	0
75.377377377377371	0
75.475475475475477	0
75.573573573573569	0
75.671671671671675	0
75.769769769769766	0
75.867867867867872	0
75.965965965965964	0
76.064064064064056	0
76.162162162162161	0
76.260260260260267	0
76.358358358358359	0
76.456456456456451	0
76.554554554554556	0
76.652652652652662	0
76.750750750750754	0
76.848848848848846	0
76.946946946946937	0
77.045045045045043	0
77.143143143143149	0
77.241241241241241	0
77.339339339339332	0
77.437437437437438	0
77.53553553553553	0
77.633633633633636	0
77.731731731731728	0
77.829829829829833	0
77.927927927927925	0
78.026026026026017	0
78.124124124124123	0
78.222222222222229	0
78.32032032032032	0
78.418418418418412	0
78.516516516516518	0
78.614614614614624	0
78.712712712712715	0
78.810810810810807	0
78.908908908908899	0
79.007007007007005	0
79.10510510510511	0
79.203203203203202	0
79.301301301301294	0
79.3993993993994	0
79.497497497497491	0
79.595595595595597	0
79.693693693693689	0
79.791791791791795	0
79.889889889889886	0
79.987987987987978	0
80.086086086086084	0
80.18418418418419	0
80.282282282282281	0
80.380380380380373	0
80.478478478478479	0
80.576576576576585	0
80.674674674674677	0
80.772772772772768	0
80.87087087087086	0
80.96896896896898	0
81.067067067067072	0
81.165165165165163	0
81.263263263263255	0
81.361361361361361	0
81.459459459459467	0
81.557557557557558	0
81.65565565565565	0
81.753753753753756	0
81.851851851851848	0
81.949949949949954	0
82.048048048048045	0
82.146146146146151	0
82.244244244244243	0
82.342342342342334	0
82.44044044044044	0
82.538538538538546	0
82.636636636636638	0
82.734734734734729	0
82.832832832832821	0
82.930930930930941	0
83.029029029029033	0
83.127127127127125	0
83.225225225225216	0
83.323323323323322	0
83.421421421421428	0
83.51951951951952	0
83.617617617617611	0
83.715715715715717	0
83.813813813813809	0
83.911911911911915	0
84.010010010010006	0
84.108108108108112	0
84.206206206206204	0
84.304304304304296	0
84.402402402402402	0
84.500500500500507	0
84.598598598598599	0
84.696696696696691	0
84.794794794794782	0
84.892892892892903	0
84.990990990990994	0
85.089089089089086	0
85.187187187187178	0
85.285285285285283	0
85.383383383383389	0
85.481481481481481	0
85.579579579579573	0
85.677677677677679	0
85.77577577577577	0
85.873873873873876	0
85.971971971971968	0
86.070070070070074	0
86.168168168168165	0
86.266266266266257	0
86.364364364364363	0
86.462462462462469	0
86.56056056056056	0
86.658658658658652	0
86.756756756756758	0
86.854854854854864	0
86.952952952952955	0
87.051051051051047	0
87.149149149149139	0
87.247247247247259	0
87.345345345345351	0
87.443443443443442	0
87.541541541541534	0
87.63963963963964	0
87.737737737737746	0
87.835835835835837	0
87.933933933933929	0
88.032032032032035	0
88.130130130130127	0
88.228228228228232	0
88.326326326326324	0
88.42442442442443	0
88.522522522522522	0
88.620620620620613	0
88.718718718718719	0
88.816816816816825	0
88.914914914914917	0
89.013013013013008	0
89.1111111111111	0
89.209209209209206	0
89.307307307307312	0
89.405405405405403	0
89.503503503503495	0
89.601601601601601	0
89.699699699699707	0
89.797797797797799	0
89.89589589589589	0
89.993993993993996	0
90.092092092092088	0
90.190190190190194	0
90.288288288288285	0
90.386386386386391	0
90.484484484484483	0
90.582582582582575	0
90.68068068068068	0
90.778778778778786	0
90.876876876876878	0
90.97497497497497	0
91.073073073073061	0
91.171171171171181	0
91.269269269269273	0
91.367367367367365	0
91.465465465465456	0
91.563563563563562	0
91.661661661661668	0
91.75975975975976	0
91.857857857857852	0
91.955955955955957	0
92.054054054054049	0
92.152152152152155	0
92.250250250250247	0
92.348348348348352	0
92.446446446446444	0
92.544544544544536	0
92.642642642642642	0
92.740740740740748	0
92.838838838838839	0
92.936936936936931	0
93.035035035035023	0
93.133133133133128	0
93.231231231231234	0
93.329329329329326	0
93.427427427427418	0
93.525525525525524	0
93.623623623623629	0
93.721721721721721	0
93.819819819819813	0
93.917917917917919	0
94.016016016016025	0
94.114114114114116	0
94.212212212212208	0
94.310310310310314	0
94.408408408408405	0
94.506506506506511	0
94.604604604604603	0
94.702702702702709	0
94.800800800800801	0
94.898898898898892	0
94.996996996996998	0
95.095095095095104	0
95.193193193193196	0
95.291291291291287	0
95.389389389389379	0
95.487487487487485	0
95.585585585585591	0
95.683683683683682	0
95.781781781781774	0
95.87987987987988	0
95.977977977977986	0
96.076076076076077	0
96.174174174174169	0
96.272272272272275	0
96.370370370370367	0
96.468468468468473	0
96.566566566566564	0
96.66466466466467	0
96.762762762762762	0
96.860860860860853	0
96.958958958958959	0
97.057057057057051	0
97.155155155155157	0
97.253253253253249	0
97.35135135135134	0
97.449449449449446	0
97.547547547547552	0
97.645645645645644	0
97.743743743743735	0
97.841841841841841	0
97.939939939939947	0
98.038038038038039	0
98.13613613613613	0
98.234234234234236	0
98.332332332332328	0
98.430430430430434	0
98.528528528528525	0
98.626626626626631	0
98.724724724724723	0
98.822822822822815	0
98.920920920920921	0
99.019019019019026	0
99.117117117117118	0
99.21521521521521	0
99.313313313313316	0
99.411411411411407	0
99.509509509509513	0
99.607607607607605	0
99.705705705705697	0
99.803803803803802	0
99.901901901901908	0
100	0
