Mw	P
2	7.6211646811511785e-13
2.0980980980980979	8.3606303127520185e-13
2.1961961961961962	9.1135543131008738e-13
2.2942942942942941	9.8797529266626062e-13
2.3923923923923924	1.0659002803206251e-12
2.4904904904904903	1.145105142772888e-12
2.5885885885885886	1.2255625073320511e-12
2.6866866866866865	1.3073617458276242e-12
2.7847847847847849	1.3903990330810217e-12
2.8828828828828827	1.4746026738913665e-12
2.9809809809809811	1.5601543606934839e-12
3.079079079079079	1.647973733566131e-12
3.1771771771771773	1.737825883917223e-12
3.2752752752752752	1.8499889734272305e-12
3.3733733733733731	1.9862899800297295e-12
3.4714714714714714	2.1285600887501967e-12
3.5695695695695697	2.2747225855221567e-12
3.6676676676676676	2.4238254416354018e-12
3.7657657657657655	2.5754397459819036e-12
3.8638638638638643	2.7294868509481123e-12
3.9619619619619622	2.8850510271768533e-12
4.06006006006006	3.0420182229756416e-12
4.1581581581581579	3.2418237928995214e-12
4.2562562562562558	3.4778916899093534e-12
4.3543543543543546	3.7159185313464057e-12
4.4524524524524525	3.9566211924971678e-12
4.5505505505505504	4.2090803000343335e-12
4.6486486486486491	4.4638866094903808e-12
4.7467467467467461	4.7253243156565765e-12
4.8448448448448449	4.9918691170490544e-12
4.9429429429429428	5.2602881755678156e-12
5.0410410410410407	5.6560280882008843e-12
5.1391391391391394	6.0774997554670582e-12
5.2372372372372364	6.5090008242400217e-12
5.3353353353353352	6.943118253126755e-12
5.433433433433434	7.379777331776764e-12
5.531531531531531	7.8198326953003513e-12
5.6296296296296298	8.2744873406966349e-12
5.7277277277277285	8.7316452845770107e-12
5.8258258258258255	9.3090410358305838e-12
5.9239239239239243	1.0086611221445825e-11
6.0220220220220222	1.0869804287705867e-11
6.1201201201201201	1.1657266493402658e-11
6.218218218218218	1.244868596788567e-11
6.3163163163163158	1.3244056451380774e-11
6.4144144144144146	1.4045318528926225e-11
6.5125125125125125	1.4878115879039721e-11
6.6106106106106104	1.5853064874896103e-11
6.7087087087087083	1.7314561102865912e-11
6.8068068068068062	1.8781746505185355e-11
6.9049049049049049	2.0254227528467219e-11
7.0030030030030028	2.1736865017890195e-11
7.1011011011011007	2.3270166065223892e-11
7.1991991991991986	2.4893838075421139e-11
7.2972972972972974	2.6523334835934421e-11
7.3953953953953953	2.8448787230420698e-11
7.4934934934934931	3.128137360518447e-11
7.591591591591591	3.4121943614777845e-11
7.6896896896896889	3.7093451780464637e-11
7.7877877877877877	4.0321244667244579e-11
7.8858858858858856	4.355556269413329e-11
7.9839839839839835	4.6800449974797678e-11
8.0820820820820813	5.0050888139441106e-11
8.1801801801801801	5.474627614317255e-11
8.2782782782782789	6.1089801509965043e-11
8.3763763763763777	6.793901795339958e-11
8.4744744744744729	7.4797864151656777e-11
8.5725725725725717	8.1664785914932813e-11
8.6706706706706704	8.8596116269437777e-11
8.7687687687687692	9.5790373990139719e-11
8.866866866866868	1.0686794801321961e-10
8.9649649649649632	1.227771377751484e-10
9.063063063063062	1.3869619131998446e-10
9.1611611611611607	1.5462340013501012e-10
9.2592592592592595	1.7059731748057307e-10
9.3573573573573583	1.9855108303179813e-10
9.4554554554554571	2.2710303154752754e-10
9.5535535535535523	2.5564498874691888e-10
9.6516516516516511	2.9702549465355205e-10
9.7497497497497498	3.4731949007613334e-10
9.8478478478478486	4.43235361307953e-10
9.9459459459459474	5.3904307368220521e-10
10.044044044044044	6.3473561609633922e-10
10.142142142142141	7.3030596484245182e-10
10.24024024024024	1.0310493447320557e-09
10.338338338338339	1.4379845224294074e-09
10.436436436436436	1.8442548273538686e-09
10.534534534534535	2.2498754488933005e-09
10.632632632632632	3.7962754526945597e-09
10.73073073073073	5.9821704592709311e-09
10.828828828828829	8.1635102560050712e-09
10.926926926926926	1.0383719993900468e-08
11.025025025025025	2.5993672793429694e-08
11.123123123123122	4.2257135394487496e-08
11.221221221221221	5.8483750483032353e-08
11.31931931931932	1.5274115964948136e-07
11.417417417417417	2.8324925900556136e-07
11.515515515515515	4.135057929796191e-07
11.613613613613612	8.4183453904123035e-07
11.711711711711711	1.3135224451084429e-06
11.80980980980981	1.6831456565762158e-06
11.907907907907907	1.9773265001089425e-06
12.006006006006006	2.037890092022471e-06
12.104104104104103	1.8784889747697261e-06
12.202202202202201	1.556763499167982e-06
12.3003003003003	1.1743251850429875e-06
12.398398398398397	7.4209182890559602e-07
12.496496496496496	3.8856404258177535e-07
12.594594594594595	2.6573418017717394e-07
12.692692692692692	1.4459215222109161e-07
12.790790790790791	7.1621592733628517e-08
12.888888888888888	5.8373568289444537e-08
12.986986986986986	4.516781990293281e-08
13.085085085085085	3.4405237055368164e-08
13.183183183183182	3.767136102776834e-08
13.281281281281281	4.652654275365854e-08
13.379379379379378	5.538049050916744e-08
13.477477477477477	6.5142115554383973e-08
13.575575575575575	7.5871335542859527e-08
13.673673673673672	9.7382932731701944e-08
13.771771771771771	1.4204980457411433e-07
13.86986986986987	1.868035314122341e-07
13.967967967967967	2.3170089213386786e-07
14.066066066066066	2.7655347990428855e-07
14.164164164164164	4.3978694275605236e-07
14.262262262262263	6.548899582937728e-07
14.360360360360358	8.6982800261753737e-07
14.458458458458457	1.0845325243574771e-06
14.556556556556556	1.7653619340417768e-06
14.654654654654655	3.0099636064823758e-06
14.752752752752754	4.2531306244777767e-06
14.850850850850849	5.4948264599699466e-06
14.948948948948948	1.1233557520734839e-05
15.047047047047046	1.978164961622181e-05
15.145145145145145	2.8319028565610463e-05
15.243243243243244	4.6736588587134273e-05
15.341341341341339	0.00010159022098339076
15.439439439439438	0.00015637156975720058
15.537537537537537	0.00023377867627384963
15.635635635635635	0.00036694091140768951
15.733733733733734	0.0004999174586053102
15.831831831831833	0.00057529958451130213
15.929929929929928	0.00063553386736653382
16.028028028028025	0.00063527411955171956
16.126126126126124	0.00058722497428922331
16.224224224224223	0.00050947546410104992
16.322322322322321	0.00040028528654408128
16.42042042042042	0.00027576866487346837
16.518518518518519	0.0001719218965730594
16.616616616616618	0.00012018388754064728
16.714714714714717	6.8525551280188896e-05
16.812812812812815	3.2347671194115031e-05
16.910910910910914	2.3804110246109636e-05
17.009009009009006	1.5274131428282391e-05
17.107107107107105	6.7579412870496273e-06
17.205205205205203	5.1319995881531232e-06
17.303303303303302	3.8205506870525066e-06
17.401401401401401	2.5112738323774111e-06
17.4994994994995	1.3313353055612099e-06
17.597597597597598	1.0922248221801524e-06
17.695695695695697	8.5352116198432403e-07
17.793793793793796	6.1522774737571313e-07
17.891891891891895	3.7735031054448558e-07
17.989989989989986	3.020729731916026e-07
18.088088088088089	2.4969694057662814e-07
18.186186186186188	1.9741387017508838e-07
18.284284284284283	1.4522642088621579e-07
18.382382382382382	1.0292874552361127e-07
18.48048048048048	8.9460856114431693e-08
18.578578578578579	7.6018181757325072e-08
18.676676676676678	6.2895698142730384e-08
18.774774774774773	4.9835154467697168e-08
18.872872872872872	3.9370708421020461e-08
18.970970970970971	3.5875410738468351e-08
19.069069069069069	3.2389578725024209e-08
19.167167167167168	2.8911600650863756e-08
19.265265265265263	2.5685410582155775e-08
19.363363363363362	2.3088132938785684e-08
19.461461461461461	2.3035494922169163e-08
19.55955955955956	2.3229085541834241e-08
19.657657657657658	2.3446207364470227e-08
19.755755755755754	2.3665953522232876e-08
19.853853853853852	2.388831921636435e-08
19.951951951951951	2.6809718281847575e-08
20.05005005005005	3.0524748673808055e-08
20.148148148148149	3.4412066050870858e-08
20.246246246246244	3.8304258912056477e-08
20.344344344344343	4.2221224999657375e-08
20.442442442442442	4.618132370130422e-08
20.54054054054054	5.8455433148191265e-08
20.638638638638639	7.1871986442920369e-08
20.736736736736734	8.5285932613792107e-08
20.834834834834833	9.8701796154336239e-08
20.932932932932932	1.1213420308725433e-07
21.031031031031031	1.3778669944677151e-07
21.129129129129129	1.8491834787388257e-07
21.227227227227225	2.3219803503497515e-07
21.325325325325323	2.794625167270941e-07
21.423423423423422	3.2671056448435639e-07
21.521521521521521	4.0858047322105431e-07
21.61961961961962	5.9531496768093584e-07
21.717717717717715	7.8197789947636823e-07
21.815815815815814	9.6868746938318659e-07
21.913913913913913	1.2589526494537759e-06
22.012012012012011	1.688175005843449e-06
22.11011011011011	2.5118515757192248e-06
22.208208208208205	3.4186351372530109e-06
22.306306306306304	4.5703693048209637e-06
22.404404404404403	5.7214824082483525e-06
22.502502502502502	8.7595432108522189e-06
22.6006006006006	1.2423842406244477e-05
22.698698698698696	1.6086231631366168e-05
22.796796796796794	1.9555279455102347e-05
22.894894894894893	3.0969586138422311e-05
22.992992992992992	4.571951620991644e-05
23.091091091091091	6.0327544510121047e-05
23.189189189189189	7.7561882981015532e-05
23.287287287287285	0.00011840951095750895
23.385385385385383	0.00015904812586899517
23.483483483483482	0.00019959874514618263
23.581581581581581	0.0002365136597929258
23.67967967967968	0.00027341208325835654
23.777777777777775	0.0002992539023529147
23.875875875875874	0.00031406059757547441
23.973973973973973	0.00032027666354837963
24.072072072072071	0.00031547665722119226
24.17017017017017	0.00029829427911067695
24.268268268268265	0.00027906867416699956
24.366366366366364	0.00024244838869545541
24.464464464464463	0.00020539476272017802
24.562562562562562	0.00016793589914461634
24.66066066066066	0.00012998462288395222
24.758758758758756	9.2060302294475228e-05
24.856856856856854	6.2864077798816515e-05
24.954954954954953	4.8915902411975435e-05
25.053053053053052	3.5121339329453084e-05
25.151151151151151	2.1343885522189974e-05
25.24924924924925	1.5909558362879092e-05
25.347347347347345	1.2940012991680134e-05
25.445445445445444	1.0127024706853811e-05
25.543543543543542	7.7729609497343713e-06
25.641641641641641	7.2562290225322422e-06
25.73973973973974	7.4346142876827168e-06
25.837837837837835	8.034230452537583e-06
25.935935935935934	9.6505881788788107e-06
26.034034034034033	1.2370267241070392e-05
26.132132132132131	1.5664633032705439e-05
26.23023023023023	2.0357982476214552e-05
26.328328328328329	2.581039254741714e-05
26.426426426426424	3.2626164522444648e-05
26.524524524524526	4.2431250053887645e-05
26.622622622622622	5.1807388779065311e-05
26.720720720720717	6.1179634530109721e-05
26.818818818818819	7.1239147943942158e-05
26.916916916916914	9.4782313962987527e-05
27.015015015015017	0.00011719902070505307
27.113113113113112	0.00013881452205858998
27.211211211211207	0.00016886952217547651
27.30930930930931	0.00020794853957768145
27.407407407407405	0.00024603393795779937
27.505505505505507	0.00027976909512336987
27.603603603603602	0.00030467575122217297
27.701701701701698	0.00032943304374307645
27.7997997997998	0.00034077548695757168
27.897897897897895	0.00034948200681325767
27.995995995995997	0.0003496583157764584
28.094094094094093	0.0003420731246120991
28.192192192192188	0.0003249657283046195
28.29029029029029	0.00030711025204318117
28.388388388388385	0.00027704934074694891
28.486486486486488	0.00024700590681067978
28.584584584584583	0.00021196067183845509
28.682682682682678	0.00017355384659029248
28.780780780780781	0.00013520374049333605
28.878878878878876	0.00010422500260267777
28.976976976976978	8.3126097312367179e-05
29.075075075075073	6.2077380856208206e-05
29.173173173173176	4.1095824848156682e-05
29.271271271271271	3.1430283434971242e-05
29.369369369369366	2.5212286614608652e-05
29.467467467467468	1.9055730503242355e-05
29.565565565565564	1.2938456217222261e-05
29.663663663663666	9.7946682633465976e-06
29.761761761761761	8.3402847858978665e-06
29.859859859859856	6.9513455204540899e-06
29.957957957957959	5.6437220665772064e-06
30.056056056056054	4.504970407990201e-06
30.154154154154156	4.4445341222109649e-06
30.252252252252251	4.4020417819203117e-06
30.350350350350347	4.3597025131659397e-06
30.448448448448449	4.6491341524749308e-06
30.546546546546544	5.0135755958968057e-06
30.644644644644647	5.6281296566929089e-06
30.742742742742742	6.2298836212724473e-06
30.840840840840837	7.2266977154536599e-06
30.938938938938939	8.5583984286002235e-06
31.037037037037035	9.8559223414131263e-06
31.135135135135137	1.1181712531656511e-05
31.233233233233232	1.254857485746805e-05
31.331331331331327	1.3895474463075829e-05
31.42942942942943	1.5217889740454051e-05
31.527527527527525	1.6116454980304069e-05
31.625625625625627	1.6735497179743865e-05
31.723723723723722	1.7353483443007189e-05
31.821821821821825	1.7479229987774095e-05
31.91991991991992	1.7582282980168478e-05
32.018018018018012	1.738555325149901e-05
32.116116116116117	1.695948549822453e-05
32.214214214214209	1.6319168563253281e-05
32.312312312312315	1.5622128154654342e-05
32.410410410410407	1.4635282941314746e-05
32.508508508508505	1.3648802580132904e-05
32.606606606606604	1.231790739909824e-05
32.704704704704703	1.0888231951887791e-05
32.802802802802802	9.4647962551131425e-06
32.900900900900901	8.0951527633022585e-06
32.998998998998999	6.7748206458279147e-06
33.097097097097098	5.458309669355876e-06
33.195195195195197	4.1523873026199275e-06
33.293293293293296	3.4108765675418733e-06
33.391391391391394	2.8047743391150165e-06
33.489489489489486	2.1989474854673792e-06
33.587587587587592	1.595040687305624e-06
33.685685685685684	1.2436952151049963e-06
33.78378378378379	1.0486879729655229e-06
33.881881881881881	8.5377404362180334e-07
33.979979979979973	6.5896755214387404e-07
34.078078078078079	4.6426502302228836e-07
34.176176176176178	4.0280106548776538e-07
34.274274274274276	3.4465624663500758e-07
34.372372372372375	2.8709799850962771e-07
34.470470470470467	2.2962130358904117e-07
34.568568568568566	1.7217540608081701e-07
34.666666666666664	1.515005098780096e-07
34.764764764764763	1.3399470723888891e-07
34.862862862862862	1.165060678663897e-07
34.960960960960961	9.9078214819726224e-08
35.059059059059059	8.2822673008305639e-08
35.157157157157158	7.2422801047724489e-08
35.255255255255257	6.8112048144510329e-08
35.353353353353356	6.3907364477229177e-08
35.451451451451454	5.9727436539473666e-08
35.549549549549546	5.5553764259518203e-08
35.647647647647645	5.2084657557738167e-08
35.745745745745744	5.3622599845649131e-08
35.843843843843842	5.6461285185155235e-08
35.941941941941941	5.9315193770958196e-08
36.04004004004004	6.2200271598004935e-08
36.138138138138139	6.5086544069249661e-08
36.236236236236238	6.7973976908396225e-08
36.334334334334336	8.0092583092525747e-08
36.432432432432435	9.368911622639528e-08
36.530530530530527	1.0731329353303166e-07
36.628628628628626	1.2096582607609046e-07
36.726726726726724	1.3462762456943091e-07
36.824824824824823	1.4828883003784687e-07
36.922922922922922	1.9108156279533343e-07
37.021021021021021	2.350459550594485e-07
37.119119119119119	2.790282638212188e-07
37.217217217217218	3.2300745090087761e-07
37.315315315315317	3.6699134321393747e-07
37.413413413413416	4.5286043972712326e-07
37.511511511511507	5.9643752275300972e-07
37.609609609609606	7.400248730437712e-07
37.707707707707705	8.8376424035127197e-07
37.805805805805804	1.0274848426927196e-06
37.903903903903903	1.2590063102552317e-06
38.002002002002001	1.7311910843161221e-06
38.1001001001001	2.2033114315646142e-06
38.198198198198199	2.6753701143186843e-06
38.296296296296298	3.1473569476013988e-06
38.394394394394396	4.1037440192900697e-06
38.492492492492488	5.4752013619245465e-06
38.590590590590594	6.8464394566202782e-06
38.688688688688686	8.2174508004296404e-06
38.786786786786784	9.9106440697733971e-06
38.884884884884883	1.251656522676439e-05
38.982982982982982	1.5121980084844851e-05
39.081081081081081	1.77268883168117e-05
39.179179179179179	2.0221010868796028e-05
39.277277277277278	2.2589932731107726e-05
39.375375375375377	2.4958316915836446e-05
39.473473473473469	2.7103879062234864e-05
39.571571571571575	2.8410233598856476e-05
39.669669669669666	2.9716270891551522e-05
39.767767767767765	3.0577528531105677e-05
39.865865865865864	3.107150219078125e-05
39.963963963963963	3.1272993402243856e-05
40.062062062062061	3.1075299845442939e-05
40.16016016016016	3.0450083545653358e-05
40.258258258258259	2.9672191135497905e-05
40.356356356356358	2.8388203150368421e-05
40.454454454454449	2.690532302962571e-05
40.552552552552555	2.5376698569088547e-05
40.650650650650647	2.3069321797133566e-05
40.748748748748746	2.076260152026152e-05
40.846846846846844	1.8456469357788442e-05
40.944944944944943	1.6070849274890099e-05
41.043043043043042	1.3665344335945039e-05
41.141141141141141	1.1260503525489383e-05
41.23923923923924	8.8611794944799622e-06
41.337337337337338	7.5710397891492686e-06
41.43543543543543	6.2812765882420131e-06
41.533533533533536	4.9919081631683034e-06
41.631631631631627	3.7029308496836836e-06
41.729729729729733	3.016187484787935e-06
41.827827827827825	2.5557542564091642e-06
41.925925925925924	2.0954651504276742e-06
42.024024024024023	1.6353228710310758e-06
42.122122122122121	1.1753303030229115e-06
42.22022022022022	1.0294298626809283e-06
42.318318318318319	8.8421620837409599e-07
42.416416416416411	7.3906899225984833e-07
42.514514514514516	5.9397120711962011e-07
42.612612612612608	4.4892416355739086e-07
42.710710710710714	3.876946924705822e-07
42.808808808808806	3.4190363678866779e-07
42.906906906906904	2.961291526571823e-07
43.005005005005003	2.5037147851138296e-07
43.103103103103102	2.0463092793907967e-07
43.201201201201201	1.6783166415241952e-07
43.2992992992993	1.5287743956494451e-07
43.397397397397391	1.3792921166067243e-07
43.495495495495497	1.2298706368277892e-07
43.593593593593589	1.0805342840140122e-07
43.691691691691695	9.3573463136833963e-08
43.789789789789786	8.2624946290416697e-08
43.887887887887885	7.8160826720979832e-08
43.985985985985984	7.3727423445335256e-08
44.084084084084083	6.9365874650602811e-08
44.182182182182181	6.500745699968375e-08
44.28028028028028	6.0651681795016138e-08
44.378378378378379	5.6452218196443866e-08
44.476476476476478	5.5573089510579539e-08
44.574574574574569	5.5093837592456574e-08
44.672672672672675	5.5060732461619992e-08
44.770770770770767	5.5090070353255939e-08
44.868868868868873	5.5282147061911301e-08
44.966966966966964	5.5475728342182576e-08
45.065065065065063	5.6165638485956604e-08
45.163163163163162	5.7650410124196155e-08
45.261261261261261	5.9136071462949008e-08
45.35935935935936	6.0629298067488993e-08
45.457457457457458	6.2532025978641199e-08
45.55555555555555	6.5847388554367194e-08
45.653653653653656	6.9390239217331351e-08
45.751751751751748	7.3145504479171726e-08
45.849849849849853	7.7224020333295166e-08
45.947947947947945	8.1303549469315707e-08
46.046046046046044	8.5384239748543356e-08
46.144144144144143	8.9465865031744772e-08
46.242242242242241	9.3696419293698939e-08
46.34034034034034	9.9900676548301836e-08
46.438438438438439	1.0814443408486815e-07
46.536536536536531	1.1659472727552502e-07
46.634634634634637	1.2504638351616055e-07
46.732732732732728	1.3353742170541185e-07
46.830830830830834	1.420299298419518e-07
46.928928928928926	1.5064729160631654e-07
47.027027027027025	1.6187070195017237e-07
47.125125125125123	1.7311330726754756e-07
47.223223223223222	1.8857568268127894e-07
47.321321321321321	2.059335525081994e-07
47.41941941941942	2.2329340989659236e-07
47.517517517517511	2.4065514830966441e-07
47.615615615615617	2.6027220041253128e-07
47.713713713713709	2.8460059984589855e-07
47.811811811811815	3.0898785832117539e-07
47.909909909909906	3.3341844517933292e-07
48.008008008008012	3.6231536807774186e-07
48.106106106106104	3.9915016674087896e-07
48.204204204204203	4.3598773906605314e-07
48.302302302302301	4.9018804594002639e-07
48.4004004004004	5.4521456666108157e-07
48.498498498498499	6.0028728741220439e-07
48.596596596596598	6.5563605172650888e-07
48.694694694694689	7.1101709713850855e-07
48.792792792792795	7.7514654054035339e-07
48.890890890890887	9.028391872156491e-07
48.988988988988993	1.0324969909344941e-06
49.087087087087085	1.1621553730176054e-06
49.185185185185183	1.2918135655906427e-06
49.283283283283282	1.4217088969220889e-06
49.381381381381381	1.5933677601715153e-06
49.47947947947948	1.8418333892703723e-06
49.577577577577578	2.1264402541861802e-06
49.67567567567567	2.4333542034896594e-06
49.773773773773776	2.7402645395728362e-06
49.871871871871868	3.0812684050287645e-06
49.969969969969974	3.6190643401827114e-06
50.068068068068065	4.1575694856072286e-06
50.166166166166164	4.6960410157144975e-06
50.264264264264263	5.2657666669216469e-06
50.362362362362362	6.0272331909849672e-06
50.46046046046046	6.9355323534416649e-06
50.558558558558559	7.8437755115295082e-06
50.656656656656658	8.7540920917170167e-06
50.754754754754757	9.662943011471094e-06
50.852852852852848	1.053131669977655e-05
50.950950950950954	1.1455549367354159e-05
51.049049049049053	1.2647606377484048e-05
51.147147147147152	1.3790667931535962e-05
51.245245245245243	1.476849385047459e-05
51.343343343343342	1.5751629041133519e-05
51.441441441441434	1.673470316911465e-05
51.539539539539547	1.7541610175683557e-05
51.637637637637638	1.8705804885915799e-05
51.735735735735737	2.0266027407244184e-05
51.833833833833829	2.172891005798926e-05
51.931931931931928	2.3182353333382612e-05
52.030030030030034	2.4556825401028315e-05
52.128128128128132	2.5865376394256011e-05
52.226226226226224	2.7333400751488852e-05
52.324324324324323	3.0550496953055954e-05
52.422422422422414	3.3721678527123801e-05
52.520520520520527	3.6904986606135349e-05
52.618618618618619	3.9987962853878871e-05
52.716716716716718	4.3021698036851703e-05
52.81481481481481	4.6656173364880796e-05
52.912912912912908	5.4591749214521748e-05
53.011011011011014	6.246543318353225e-05
53.109109109109113	7.0338817625410386e-05
53.207207207207205	7.8211866280307633e-05
53.305305305305303	8.6081924593091303e-05
53.403403403403395	9.9602199906606554e-05
53.501501501501508	0.00011822075538860967
53.5995995995996	0.00013683826165888718
53.697697697697699	0.0001555046651649369
53.79579579579579	0.00017431606933470618
53.893893893893889	0.00019860708233762354
53.991991991991995	0.00023399435790882268
54.090090090090094	0.00026939328822642909
54.188188188188185	0.00030484102387699633
54.286286286286284	0.00034037127399030046
54.384384384384376	0.00038132865822981473
54.482482482482489	0.00042642132922168893
54.58058058058058	0.00047147145966838956
54.678678678678679	0.00051659099018851239
54.776776776776771	0.00055951638919186496
54.87487487487487	0.00059585975935610926
54.972972972972975	0.00063218029131927945
55.071071071071074	0.00066847569379973335
55.169169169169166	0.00069889694628102171
55.267267267267265	0.00072181120193044615
55.365365365365356	0.00074479451139368349
55.463463463463469	0.00076612801768755491
55.561561561561561	0.00077819265089564341
55.65965965965966	0.00079021111842634629
55.757757757757751	0.00079841362155172967
55.855855855855857	0.00080244164761364303
55.953953953953956	0.000804126199601473
56.052052052052055	0.00080158635446799182
56.150150150150147	0.00079483769871671519
56.248248248248245	0.00078598740454107721
56.346346346346351	0.00077274998046950093
56.44444444444445	0.00075709874704727408
56.542542542542542	0.00074154868967903737
56.64064064064064	0.00071774647442283436
56.738738738738732	0.00069317952404602883
56.836836836836838	0.00066863417599782686
56.934934934934937	0.00063837177913343116
57.033033033033036	0.00060461711432701097
57.131131131131127	0.00057086856823917076
57.229229229229226	0.00053719144407493992
57.327327327327332	0.00049889203164259319
57.425425425425431	0.00045974368447050217
57.523523523523522	0.00042062057689375246
57.621621621621621	0.0003815035220070005
57.719719719719713	0.00034681634265476189
57.817817817817819	0.00031625296842690957
57.915915915915917	0.00028547876760274486
58.014014014014016	0.00025470967730752239
58.112112112112108	0.00022394580788590081
58.210210210210207	0.00020335447593056025
58.308308308308312	0.00018663848509515161
58.406406406406411	0.00016992540564138777
58.504504504504503	0.00015291017442436013
58.602602602602602	0.00013565015517474688
58.700700700700693	0.00012364110714422531
58.798798798798799	0.00011579482519562504
58.896896896896898	0.000107905995825265
58.994994994994997	9.9785545059804726e-05
59.093093093093088	9.1488536284006354e-05
59.191191191191187	8.2943871030013574e-05
59.289289289289293	7.8773929527285369e-05
59.387387387387392	7.4519888779782893e-05
59.485485485485484	7.0268981760968947e-05
59.583583583583582	6.5858467273037828e-05
59.681681681681674	6.1145070758081087e-05
59.77977977977978	5.6432494777133514e-05
59.877877877877879	5.3562027896477175e-05
59.975975975975977	5.029398729138441e-05
60.074074074074069	4.7026545560973594e-05
60.172172172172168	4.3760934349466837e-05
60.270270270270274	4.0388934188064538e-05
60.368368368368373	3.6717669459745222e-05
60.466466466466464	3.3532792305581708e-05
60.564564564564563	3.0672561642970833e-05
60.662662662662655	2.7812770744335234e-05
60.76076076076076	2.5233438409548672e-05
60.858858858858859	2.2664981331654225e-05
60.956956956956958	2.0097010280618144e-05
61.05505505505505	1.752947154435793e-05
61.153153153153148	1.542850599231635e-05
61.251251251251254	1.397645208881498e-05
61.349349349349353	1.2524642282572477e-05
61.447447447447445	1.1073081202863914e-05
61.545545545545544	9.621917199406594e-06
61.643643643643649	8.194641638502138e-06
61.741741741741741	7.3549889780231235e-06
61.83983983983984	6.6354585275347e-06
61.937937937937939	5.9402263806035845e-06
62.03603603603603	5.2451218598493265e-06
62.134134134134136	4.550147099840757e-06
62.232232232232235	4.0017634010831364e-06
62.330330330330334	3.6270151063613935e-06
62.428428428428425	3.2523573855581527e-06
62.526526526526524	2.9061669951139992e-06
62.62462462462463	2.5957695475598561e-06
62.722722722722722	2.2854435973209478e-06
62.820820820820821	2.0453620937104912e-06
62.918918918918919	1.8778395183726526e-06
63.017017017017011	1.7103531035577204e-06
63.115115115115117	1.5429482952076989e-06
63.213213213213216	1.3755893146250961e-06
63.311311311311314	1.229905207788482e-06
63.409409409409406	1.1017769568782461e-06
63.507507507507505	1.0249219624707963e-06
63.605605605605611	9.4809173496692385e-07
63.703703703703702	8.712792480773262e-07
63.801801801801801	7.9448471550096145e-07
63.8998998998999	7.1772160976321e-07
63.997997997997992	6.4099032562583774e-07
64.09609609609609	5.8631113238537452e-07
64.194194194194196	5.4971712794726064e-07
64.292292292292302	5.1313200635585078e-07
64.390390390390394	4.7655585986588371e-07
64.488488488488485	4.399918070840569e-07
64.586586586586591	4.0343867405220955e-07
64.684684684684683	3.6689480619672456e-07
64.782782782782789	3.3523073477060906e-07
64.880880880880881	3.1258503989261213e-07
64.978978978978972	2.9444984191303312e-07
65.077077077077078	2.7631933860299795e-07
65.175175175175184	2.5819357683498265e-07
65.273273273273276	2.4007260314912234e-07
65.371371371371367	2.2195646409663647e-07
65.469469469469459	2.0417497079805982e-07
65.567567567567579	1.9113451054321458e-07
65.665665665665671	1.7810451104456597e-07
65.763763763763762	1.6776683656196783e-07
65.861861861861854	1.5841776323382569e-07
65.959959959959946	1.4907127647787528e-07
66.058058058058066	1.3972739909240977e-07
66.156156156156158	1.3038615393528776e-07
66.254254254254249	1.2193401458978728e-07
66.352352352352355	1.1496044923346808e-07
66.450450450450447	1.0799024402705988e-07
66.548548548548553	1.0102530075075791e-07
66.646646646646644	9.5635787870101828e-08
66.74474474474475	9.0630521613709896e-08
66.842842842842842	8.5626723195763546e-08
66.940940940940934	8.0624404533407594e-08
67.039039039039039	7.6048013613243967e-08
67.137137137137131	7.2190329698645231e-08
67.235235235235237	6.8333845533766152e-08
67.333333333333329	6.4478569840482407e-08
67.43143143143142	6.0625419444546713e-08
67.529529529529526	5.7410024872529351e-08
67.627627627627632	5.4635770033744191e-08
67.725725725725724	5.1862371367863167e-08
67.823823823823815	4.9125499446070508e-08
67.921921921921921	4.6926474476147731e-08
68.020020020020027	4.4728161457094372e-08
68.118118118118119	4.2530563090237241e-08
68.21621621621621	4.0333684114755641e-08
68.314314314314316	3.8137529649336714e-08
68.412412412412422	3.6000633218509537e-08
68.510510510510514	3.4413866132514152e-08
68.608608608608606	3.2827687812371311e-08
68.706706706706711	3.137673980745574e-08
68.804804804804803	3.008812890961491e-08
68.902902902902909	2.87999510811852e-08
69.001001001001001	2.7512208987921686e-08
69.099099099099092	2.622490527608901e-08
69.197197197197198	2.4938043830586196e-08
69.29529529529529	2.3651627827412586e-08
69.393393393393396	2.2480135760989676e-08
69.491491491491487	2.1545858745391648e-08
69.589589589589593	2.0700095601350175e-08
69.687687687687685	1.9925245253216708e-08
69.785785785785777	1.9150665217867432e-08
69.883883883883883	1.8376356707441391e-08
69.981981981981988	1.7602321263466439e-08
70.08008008008008	1.6828560513057723e-08
70.178178178178172	1.6055075812145518e-08
70.276276276276278	1.528186864800521e-08
70.374374374374383	1.4568300386031317e-08
70.472472472472475	1.4035920799264746e-08
70.570570570570567	1.3558784627622724e-08
70.668668668668673	1.3082048940144438e-08
70.766766766766764	1.2605501944419912e-08
70.86486486486487	1.2129128459537046e-08
70.962962962962962	1.1652929343549194e-08
71.061061061061054	1.1176905476103097e-08
71.159159159159159	1.0701057819656225e-08
71.257257257257251	1.0225387347373967e-08
71.355355355355357	9.7498947211324025e-09
71.453453453453449	9.4424084676663046e-09
71.551551551551555	9.1424404232630103e-09
71.649649649649646	8.8425842269219777e-09
71.747747747747738	8.5429341484175725e-09
71.845845845845844	8.2434634430966032e-09
71.94394394394395	7.9441068191416451e-09
72.042042042042041	7.6448640804506745e-09
72.140140140140133	7.3457357480714427e-09
72.238238238238239	7.0467223459171177e-09
72.336336336336345	6.7524922281729598e-09
72.434434434434436	6.5143921388653678e-09
72.532532532532528	6.3220274004849759e-09
72.630630630630634	6.1297988249634702e-09
72.728728728728726	5.937644751616378e-09
72.826826826826832	5.7455653266746038e-09
72.924924924924923	5.5536655985282866e-09
73.023023023023015	5.3618415093707084e-09
73.121121121121121	5.1700929689195306e-09
73.219219219219212	4.9784212475089119e-09
73.317317317317318	4.7894368998002774e-09
73.41541541541541	4.6148383110299539e-09
73.513513513513516	4.4691011541927214e-09
73.611611611611607	4.3434460628520527e-09
73.709709709709699	4.2178904325355057e-09
73.807807807807805	4.0923849880067354e-09
73.905905905905911	3.9669299169696111e-09
74.004004004004003	3.8415368323224259e-09
74.102102102102094	3.7162535728105209e-09
74.2002002002002	3.5910214021102266e-09
74.298298298298306	3.465840335025447e-09
74.396396396396398	3.3497430207039748e-09
74.494494494494489	3.2349194080345331e-09
74.592592592592595	3.1362831652618562e-09
74.690690690690701	3.0529202259442692e-09
74.788788788788793	2.9696488469448709e-09
74.886886886886884	2.8864117338992779e-09
74.984984984984976	2.803209010945562e-09
75.083083083083082	2.7200408012552097e-09
75.181181181181188	2.6369114662456326e-09
75.27927927927928	2.5538604394555824e-09
75.377377377377371	2.4730363080606567e-09
75.475475475475477	2.3963779525822144e-09
75.573573573573569	2.3197522378404432e-09
75.671671671671675	2.2470188242303126e-09
75.769769769769766	2.1907769099128985e-09
75.867867867867872	2.1345919496101944e-09
75.965965965965964	2.0784480070124288e-09
76.064064064064056	2.0223281160120447e-09
76.162162162162161	1.9662321254753807e-09
76.260260260260267	1.9101601139742685e-09
76.358358358358359	1.8541121560685675e-09
76.456456456456451	1.8003307683958077e-09
76.554554554554556	1.7483443904431458e-09
76.652652652652662	1.696380687816103e-09
76.750750750750754	1.6444397294374144e-09
76.848848848848846	1.6008352836387432e-09
76.946946946946937	1.5623489236795598e-09
77.045045045045043	1.5239074986845806e-09
77.143143143143149	1.485488029329631e-09
77.241241241241241	1.4470854236525443e-09
77.339339339339332	1.4086997948666685e-09
77.437437437437438	1.3703314022529279e-09
77.53553553553553	1.3332971761197425e-09
77.633633633633636	1.2975250735500536e-09
77.731731731731728	1.261786375383858e-09
77.829829829829833	1.2260636655464236e-09
77.927927927927925	1.1903569880871019e-09
78.026026026026017	1.1619441101091766e-09
78.124124124124123	1.13527561982511e-09
78.222222222222229	1.1086368265295329e-09
78.32032032032032	1.0820148187231492e-09
78.418418418418412	1.0554047191916818e-09
78.516516516516518	1.0288065787429768e-09
78.614614614614624	1.0025936022871034e-09
78.712712712712715	9.7767712240637022e-10
78.810810810810807	9.527723255109924e-10
78.908908908908899	9.2788651709735457e-10
79.007007007007005	9.0302071447822339e-10
79.10510510510511	8.7816633147227454e-10
79.203203203203202	8.5794741198437875e-10
79.301301301301294	8.3922112584465663e-10
79.3993993993994	8.2051100262437215e-10
79.497497497497491	8.0181739130673669e-10
79.595595595595597	7.8313233440497354e-10
79.693693693693689	7.6445585308398408e-10
79.791791791791795	7.4654619200875865e-10
79.889889889889886	7.2898448949274187e-10
79.987987987987978	7.1143095216126101e-10
80.086086086086084	6.9388561192608639e-10
80.18418418418419	6.7635377862584293e-10
80.282282282282281	6.5883653913379183e-10
80.380380380380373	6.4330327568762661e-10
80.478478478478479	6.2999701077927498e-10
80.576576576576585	6.1669692959623425e-10
80.674674674674677	6.0341349290924511e-10
80.772772772772768	5.9013668165207726e-10
80.87087087087086	5.7686609176088177e-10
80.96896896896898	5.642733728799577e-10
81.067067067067072	5.5174905877419261e-10
81.165165165165163	5.392306828828867e-10
81.263263263263255	5.267182579632851e-10
81.361361361361361	5.142117966639299e-10
81.459459459459467	5.0171327916527069e-10
81.557557557557558	4.8922698495590195e-10
81.65565565565565	4.7952465451604792e-10
81.753753753753756	4.6996697342789749e-10
81.851851851851848	4.6041542366314651e-10
81.949949949949954	4.5087458678233627e-10
82.048048048048045	4.413383160045381e-10
82.146146146146151	4.322566061774265e-10
82.244244244244243	4.2322851977647421e-10
82.342342342342334	4.14204794666141e-10
82.44044044044044	4.051854368708847e-10
82.538538538538546	3.9617045415109023e-10
82.636636636636638	3.8715985491964402e-10
82.734734734734729	3.7815364751594199e-10
82.832832832832821	3.6957419449383998e-10
82.930930930930941	3.6263388307048506e-10
83.029029029029033	3.5569692750665812e-10
83.127127127127125	3.4876452283641402e-10
83.225225225225216	3.4183983005599956e-10
83.323323323323322	3.3514204623426391e-10
83.421421421421428	3.2856629915091119e-10
83.51951951951952	3.219938161405589e-10
83.617617617617611	3.1542459254261171e-10
83.715715715715717	3.0885860742253537e-10
83.813813813813809	3.0229586645179717e-10
83.911911911911915	2.9573637777963404e-10
84.010010010010006	2.8918014584136831e-10
84.108108108108112	2.8296125075990447e-10
84.206206206206204	2.7787793093922637e-10
84.304304304304296	2.7279711460937998e-10
84.402402402402402	2.677188461954634e-10
84.500500500500507	2.6268816691984949e-10
84.598598598598599	2.5785739557501931e-10
84.696696696696691	2.5302906881402555e-10
84.794794794794782	2.4820325093511241e-10
84.892892892892903	2.433798483247003e-10
84.990990990990994	2.3855887155736177e-10
85.089089089089086	2.3374032396534591e-10
85.187187187187178	2.289242483398083e-10
85.285285285285283	2.2411060254736577e-10
85.383383383383389	2.1932878031917165e-10
85.481481481481481	2.1556363860853072e-10
85.579579579579573	2.1180280201083732e-10
85.677677677677679	2.0804385297897052e-10
85.77577577577577	2.0436604427022202e-10
85.873873873873876	2.0078112263004943e-10
85.971971971971968	1.9719801580200971e-10
86.070070070070074	1.9361672648687386e-10
86.168168168168165	1.9003725736025208e-10
86.266266266266257	1.8645968229255438e-10
86.364364364364363	1.8288396645258988e-10
86.462462462462469	1.7931007858549543e-10
86.56056056056056	1.7573802246187006e-10
86.658658658658652	1.7216780504224999e-10
86.756756756756758	1.6905930621043119e-10
86.854854854854864	1.6625112076859846e-10
86.952952952952955	1.6344641586016642e-10
87.051051051051047	1.6070612089698922e-10
87.149149149149139	1.5802545699577916e-10
87.247247247247259	1.5534631975393872e-10
87.345345345345351	1.5266856126559042e-10
87.443443443443442	1.499921833663353e-10
87.541541541541534	1.4731718787409132e-10
87.63963963963964	1.4464357658919574e-10
87.737737737737746	1.4197135129450883e-10
87.835835835835837	1.3930058669980482e-10
87.933933933933929	1.3663122134079919e-10
88.032032032032035	1.3396324714347007e-10
88.130130130130127	1.3182988811816085e-10
88.228228228228232	1.2971682263403167e-10
88.326326326326324	1.2763770796396768e-10
88.42442442442443	1.256138260355701e-10
88.522522522522522	1.2359243524475618e-10
88.620620620620613	1.2157209863743868e-10
88.718718718718719	1.1955281746250856e-10
88.816816816816825	1.1753459386517339e-10
88.914914914914917	1.1551742934890325e-10
89.013013013013008	1.1350132397656196e-10
89.1111111111111	1.1148627896577336e-10
89.209209209209206	1.0947229552183446e-10
89.307307307307312	1.0745937483778832e-10
89.405405405405403	1.0549117359924557e-10
89.503503503503495	1.0388792864440224e-10
89.601601601601601	1.0228552440649759e-10
89.699699699699707	1.0074553363545903e-10
89.797797797797799	9.9208020119651941e-11
89.89589589589589	9.767242102928017e-11
89.993993993993996	9.6137667050047743e-11
90.092092092092088	9.4603738652947244e-11
90.190190190190194	9.3070637563475117e-11
90.288288288288285	9.1538350960896832e-11
90.386386386386391	9.0006879697995043e-11
90.484484484484483	8.8476225174766448e-11
90.582582582582575	8.6946388751534018e-11
90.68068068068068	8.5417370120185874e-11
90.778778778778786	8.3899434194434915e-11
90.876876876876878	8.2675729044066563e-11
90.97497497497497	8.147024955384811e-11
91.073073073073061	8.029296414719522e-11
91.171171171171181	7.9116889686536761e-11
91.269269269269273	7.7942453575116106e-11
91.367367367367365	7.6768915460209402e-11
91.465465465465456	7.5596006601436882e-11
91.563563563563562	7.442372759161538e-11
91.661661661661668	7.3252083433704676e-11
91.75975975975976	7.2081077779591742e-11
91.857857857857852	7.0910719140027537e-11
91.955955955955957	6.9740992763014429e-11
92.054054054054049	6.8571899098578635e-11
92.152152152152155	6.740343896577987e-11
92.250250250250247	6.6404131741807222e-11
92.348348348348352	6.5481227563724615e-11
92.446446446446444	6.4573013417792775e-11
92.544544544544536	6.3665304131219061e-11
92.642642642642642	6.275871424224105e-11
92.740740740740748	6.1853423031704298e-11
92.838838838838839	6.0948622813463954e-11
92.936936936936931	6.0044313997028641e-11
93.035035035035023	5.914049698721839e-11
93.133133133133128	5.8237172184191273e-11
93.231231231231234	5.7334339983470962e-11
93.329329329329326	5.6432002439042426e-11
93.427427427427418	5.5530163731625786e-11
93.525525525525524	5.4628830231608064e-11
93.623623623623629	5.3771211981973318e-11
93.721721721721721	5.3056096197647147e-11
93.819819819819813	5.2352623671408171e-11
93.917917917917919	5.1649535675103322e-11
94.016016016016025	5.0946832619025732e-11
94.114114114114116	5.0245026140428216e-11
94.212212212212208	4.9544195025569506e-11
94.310310310310314	4.8843756071976804e-11
94.408408408408405	4.814370192368809e-11
94.506506506506511	4.744403285647601e-11
94.604604604604603	4.6744749142731811e-11
94.702702702702709	4.6045851051484323e-11
94.800800800800801	4.534733884842007e-11
94.898898898898892	4.4649212795902193e-11
94.996996996996998	4.3951473333879316e-11
95.095095095095104	4.3329799352139951e-11
95.193193193193196	4.2779577913863927e-11
95.291291291291287	4.2229670310292582e-11
95.389389389389379	4.1680066520073607e-11
95.487487487487485	4.1130766508376358e-11
95.585585585585591	4.0582033896936612e-11
95.683683683683682	4.0034175323778166e-11
95.781781781781774	3.9486621148447718e-11
95.87987987987988	3.8939398661975853e-11
95.977977977977986	3.8392480357869048e-11
96.076076076076077	3.7845866421575348e-11
96.174174174174169	3.7299557036079763e-11
96.272272272272275	3.6753552381918735e-11
96.370370370370367	3.6207852637194646e-11
96.468468468468473	3.5662457977589286e-11
96.566566566566564	3.519211806375621e-11
96.66466466466467	3.4760371349329855e-11
96.762762762762762	3.4328866752850354e-11
96.860860860860853	3.3897604456878665e-11
96.958958958958959	3.346658880893199e-11
97.057057057057051	3.3035936476565017e-11
97.155155155155157	3.2605905032347608e-11
97.253253253253249	3.2176261994599415e-11
97.35135135135134	3.1746859937893034e-11
97.449449449449446	3.1317700875562896e-11
97.547547547547552	3.0888802867388288e-11
97.645645645645644	3.0460146039533441e-11
97.743743743743735	3.0031730513824649e-11
97.841841841841841	2.9603556410297492e-11
97.939939939939947	2.9177982833954415e-11
98.038038038038039	2.8807644708191889e-11
98.13613613613613	2.8479292192695688e-11
98.234234234234236	2.8151123987751695e-11
98.332332332332328	2.7823140184587345e-11
98.430430430430434	2.7495340873079311e-11
98.528528528528525	2.7167745272907569e-11
98.626626626626631	2.6840532840447767e-11
98.724724724724723	2.6513732325880055e-11
98.822822822822815	2.6187162674784416e-11
98.920920920920921	2.5860777747914277e-11
99.019019019019026	2.553457763904848e-11
99.117117117117118	2.5208562371664624e-11
99.21521521521521	2.488274533809538e-11
99.313313313313316	2.4557114031969996e-11
99.411411411411407	2.4231667713801114e-11
99.509509509509513	2.3906406459136177e-11
99.607607607607605	2.3581330342264851e-11
99.705705705705697	2.3256439436225905e-11
99.803803803803802	2.2931733812814635e-11
99.901901901901908	2.2607213542590248e-11
100	2.2282878694882887e-11
