Mw	P
2	7.6215942168541249e-13
2.0980980980980979	8.3611453789362291e-13
2.1961961961961962	9.1141542573337029e-13
2.2942942942942941	9.8804371568620058e-13
2.3923923923923924	1.0659770771203814e-12
2.4904904904904903	1.1451991678673253e-12
2.5885885885885886	1.2256761298639188e-12
2.6866866866866865	1.3074948372560495e-12
2.7847847847847849	1.3905514700986913e-12
2.8828828828828827	1.4747743369138467e-12
2.9809809809809811	1.5603507834377592e-12
3.079079079079079	1.6482240214734616e-12
3.1771771771771773	1.738129699603475e-12
3.2752752752752752	1.8503459844138972e-12
3.3733733733733731	1.9866998572204611e-12
3.4714714714714714	2.1290225052892549e-12
3.5695695695695697	2.2753251618321904e-12
3.6676676676676676	2.424587076412548e-12
3.7657657657657655	2.5763594477644614e-12
3.8638638638638643	2.7305636292853567e-12
3.9619619619619622	2.8862838910485983e-12
4.06006006006006	3.0436832537564611e-12
4.1581581581581579	3.2440080915263159e-12
4.2562562562562558	3.4805919574191688e-12
4.3543543543543546	3.719131462289435e-12
4.4524524524524525	3.9603434725609057e-12
4.5505505505505504	4.2147058729083502e-12
4.6486486486486491	4.4714197420261176e-12
4.7467467467467461	4.7347525945916634e-12
4.8448448448448449	5.0031800956910879e-12
4.9429429429429428	5.276838407582355e-12
5.0410410410410407	5.6807637617638669e-12
5.1391391391391394	6.1103667477983656e-12
5.2372372372372364	6.5499448989526785e-12
5.3353353353353352	7.0057835127914928e-12
5.433433433433434	7.4850181349444579e-12
5.531531531531531	7.9673630734568653e-12
5.6296296296296298	8.4640209965864812e-12
5.7277277277277285	9.1096885986956954e-12
5.8258258258258255	9.9723661274594055e-12
5.9239239239239243	1.1033273299663878e-11
6.0220220220220222	1.2499995290185125e-11
6.1201201201201201	1.5983498436132127e-11
6.218218218218218	1.9452443769844388e-11
6.3163163163163158	2.7340594686520963e-11
6.4144144144144146	6.6780989953003026e-11
6.5125125125125125	1.0598552908635427e-10
6.6106106106106104	4.574078915876659e-10
6.7087087087087083	1.1102471895989643e-09
6.8068068068068062	2.280438297350018e-09
6.9049049049049049	4.327510194712459e-09
7.0030030030030028	5.0706279305906686e-09
7.1011011011011007	4.0086802668756371e-09
7.1991991991991986	2.0463696144148573e-09
7.2972972972972974	1.019854474771636e-09
7.3953953953953953	4.1151740278929882e-10
7.4934934934934931	1.2216981916983565e-10
7.591591591591591	8.580215086444951e-11
7.6896896896896889	4.9840585967430017e-11
7.7877877877877877	4.7904747664106709e-11
7.8858858858858856	4.8197547268852632e-11
7.9839839839839835	4.8521601333532397e-11
8.0820820820820813	5.1165613042762482e-11
8.1801801801801801	5.5525625450070376e-11
8.2782782782782789	6.1536133960191784e-11
8.3763763763763777	6.8182254774029657e-11
8.4744744744744729	7.4987173477491295e-11
8.5725725725725717	8.1800546518823665e-11
8.6706706706706704	8.867870495076482e-11
8.7687687687687692	9.5847841069175019e-11
8.866866866866868	1.0691422405423682e-10
8.9649649649649632	1.2281230120586325e-10
9.063063063063062	1.3872032021306189e-10
9.1611611611611607	1.546408672990776e-10
9.2592592592592595	1.7061194304939195e-10
9.3573573573573583	1.9856288687228107e-10
9.4554554554554571	2.2711203341929804e-10
9.5535535535535523	2.5565134868120828e-10
9.6516516516516511	2.9703100865671143e-10
9.7497497497497498	3.4732416406079219e-10
9.8478478478478486	4.4323920123805132e-10
9.9459459459459474	5.3904608537414521e-10
10.044044044044044	6.3473796936102218e-10
10.142142142142141	7.3030803387547171e-10
10.24024024024024	1.0310511335094504e-09
10.338338338338339	1.4379860331971263e-09
10.436436436436436	1.8442560620483962e-09
10.534534534534535	2.2498764509074132e-09
10.632632632632632	3.7962763564058663e-09
10.73073073073073	5.982171268525093e-09
10.828828828828829	8.1635109715019098e-09
10.926926926926926	1.0383720616438328e-08
11.025025025025025	2.5993673270819584e-08
11.123123123123122	4.2257135778079614e-08
11.221221221221221	5.8483750779175089e-08
11.31931931931932	1.5274116015560535e-07
11.417417417417417	2.8324925986013275e-07
11.515515515515515	4.1350579418103735e-07
11.613613613613612	8.418345358953575e-07
11.711711711711711	1.3135224369429e-06
11.80980980980981	1.6831456432315086e-06
11.907907907907907	1.9773264814711506e-06
12.006006006006006	2.0378900720844619e-06
12.104104104104103	1.878488957268708e-06
12.202202202202201	1.5567634868857425e-06
12.3003003003003	1.1743251776398839e-06
12.398398398398397	7.4209182609498157e-07
12.496496496496496	3.8856404319594861e-07
12.594594594594595	2.657341807842847e-07
12.692692692692692	1.4459215280084723e-07
12.790790790790791	7.1621593193507943e-08
12.888888888888888	5.8373568529505136e-08
12.986986986986986	4.5167819923692053e-08
13.085085085085085	3.4405236882108137e-08
13.183183183183182	3.7671360757209328e-08
13.281281281281281	4.6526542332191211e-08
13.379379379379378	5.538048993697482e-08
13.477477477477477	6.5142114843564048e-08
13.575575575575575	7.5871334704816922e-08
13.673673673673672	9.7382931608713008e-08
13.771771771771771	1.4204980282745921e-07
13.86986986986987	1.8680352904348291e-07
13.967967967967967	2.3170088914507526e-07
14.066066066066066	2.7655347629628919e-07
14.164164164164164	4.397869364494163e-07
14.262262262262263	6.5488994837694642e-07
14.360360360360358	8.6982798909479697e-07
14.458458458458457	1.0845325072327941e-06
14.556556556556556	1.7653619051353828e-06
14.654654654654655	3.0099635559009771e-06
14.752752752752754	4.2531305522465737e-06
14.850850850850849	5.4948263661151885e-06
14.948948948948948	1.1233557300786756e-05
15.047047047047046	1.9781649204913063e-05
15.145145145145145	2.8319027963180485e-05
15.243243243243244	4.673658750414678e-05
15.341341341341339	0.0001015902183526677
15.439439439439438	0.00015637156558077865
15.537537537537537	0.00023377867031671102
15.635635635635635	0.00036694090308880248
15.733733733733734	0.00049991744792798898
15.831831831831833	0.00057529957344483126
15.929929929929928	0.00063553385616360754
16.028028028028025	0.00063527410846044561
16.126126126126124	0.00058722496350550294
16.224224224224223	0.00050947545374656518
16.322322322322321	0.00040028527778674473
16.42042042042042	0.00027576865828449556
16.518518518518519	0.00017192189195260564
16.616616616616618	0.00012018388438707561
16.714714714714717	6.8525549591237915e-05
16.812812812812815	3.2347670513115747e-05
16.910910910910914	2.3804109757787634e-05
17.009009009009006	1.5274131132331007e-05
17.107107107107105	6.7579411831575576e-06
17.205205205205203	5.1319995124128761e-06
17.303303303303302	3.8205506319990284e-06
17.401401401401401	2.5112737979763991e-06
17.4994994994995	1.3313352896440774e-06
17.597597597597598	1.092224808958626e-06
17.695695695695697	8.5352115145384515e-07
17.793793793793796	6.1522773953167071e-07
17.891891891891895	3.7735030538215085e-07
17.989989989989986	3.0207296898556479e-07
18.088088088088089	2.496969370836557e-07
18.186186186186188	1.9741386739391176e-07
18.284284284284283	1.4522641881553908e-07
18.382382382382382	1.0292874403063379e-07
18.48048048048048	8.946085481205166e-08
18.578578578578579	7.6018180645212251e-08
18.676676676676678	6.2895697216242729e-08
18.774774774774773	4.9835153726056977e-08
18.872872872872872	3.9370707830106673e-08
18.970970970970971	3.5875410206445216e-08
19.069069069069069	3.2389578251743279e-08
19.167167167167168	2.8911600236200791e-08
19.265265265265263	2.5685410224190907e-08
19.363363363363362	2.3088132632800557e-08
19.461461461461461	2.3035494626535067e-08
19.55955955955956	2.3229085252864676e-08
19.657657657657658	2.3446207082271933e-08
19.755755755755754	2.366595324676326e-08
19.853853853853852	2.3888318947579954e-08
19.951951951951951	2.6809717982964665e-08
20.05005005005005	3.0524748329365072e-08
20.148148148148149	3.4412065658926982e-08
20.246246246246244	3.8304258472581386e-08
20.344344344344343	4.2221224512386863e-08
20.442442442442442	4.6181323165774931e-08
20.54054054054054	5.8455432390821791e-08
20.638638638638639	7.1871985440294497e-08
20.736736736736734	8.528593136595835e-08
20.834834834834833	9.8701794661301823e-08
20.932932932932932	1.1213420134889434e-07
21.031031031031031	1.3778669727979163e-07
21.129129129129129	1.8491834495724402e-07
21.227227227227225	2.321980313666159e-07
21.325325325325323	2.7946251230726199e-07
21.423423423423422	3.2671055931331522e-07
21.521521521521521	4.0858046670703139e-07
21.61961961961962	5.9531495889613628e-07
21.717717717717715	7.8197788842174176e-07
21.815815815815814	9.6868745605847085e-07
21.913913913913913	1.2589526308479457e-06
22.012012012012011	1.6881749786684971e-06
22.11011011011011	2.5118515310425923e-06
22.208208208208205	3.418635073025667e-06
22.306306306306304	4.5703692150047647e-06
22.404404404404403	5.7214822928573175e-06
22.502502502502502	8.7595430291579868e-06
22.6006006006006	1.2423842151371465e-05
22.698698698698696	1.6086231303351565e-05
22.796796796796794	1.9555279056113979e-05
22.894894894894893	3.0969585438489178e-05
22.992992992992992	4.5719515109589776e-05
23.091091091091091	6.0327543010168433e-05
23.189189189189189	7.7561881016930848e-05
23.287287287287285	0.000118409507976552
23.385385385385383	0.00015904812187373681
23.483483483483482	0.00019959874015093828
23.581581581581581	0.00023651365456923886
23.67967967967968	0.00027341207780880893
23.777777777777775	0.00029925389678239403
23.875875875875874	0.0003140605919859948
23.973973973973973	0.00032027665797280643
24.072072072072071	0.00031547665170467327
24.17017017017017	0.00029829427370389272
24.268268268268265	0.00027906866887556804
24.366366366366364	0.00024244838367584227
24.464464464464463	0.00020539475797642123
24.562562562562562	0.00016793589496360786
24.66066066066066	0.00012998461961351559
24.758758758758756	9.2060299933964868e-05
24.856856856856854	6.2864076157576e-05
24.954954954954953	4.8915901157155687e-05
25.053053053053052	3.5121338458877385e-05
25.151151151151151	2.1343885035443531e-05
25.24924924924925	1.5909558016747372e-05
25.347347347347345	1.294001271432202e-05
25.445445445445444	1.0127024494057678e-05
25.543543543543542	7.7729607928549959e-06
25.641641641641641	7.2562288820168734e-06
25.73973973973974	7.434614148359092e-06
25.837837837837835	8.0342303022419102e-06
25.935935935935934	9.6505879882482438e-06
26.034034034034033	1.2370266983203352e-05
26.132132132132131	1.5664632692167731e-05
26.23023023023023	2.0357982031402064e-05
26.328328328328329	2.5810391986614397e-05
26.426426426426424	3.2626163824476089e-05
26.524524524524526	4.2431249202184849e-05
26.622622622622622	5.1807387808562241e-05
26.720720720720717	6.1179633440853635e-05
26.818818818818819	7.12391466818688e-05
26.916916916916914	9.4782312166952554e-05
27.015015015015017	0.00011719901837981221
27.113113113113112	0.0001388145192072643
27.211211211211207	0.00016886951867114543
27.30930930930931	0.00020794853528864659
27.407407407407405	0.00024603393289015488
27.505505505505507	0.00027976908949610521
27.603603603603602	0.00030467574549957583
27.701701701701698	0.0003294330379373519
27.7997997997998	0.00034077548116274715
27.897897897897895	0.00034948200104038466
27.995995995995997	0.0003496583100701901
28.094094094094093	0.00034207311901728439
28.192192192192188	0.00032496572287582292
28.29029029029029	0.00030711024675438248
28.388388388388385	0.00027704933568100922
28.486486486486488	0.0002470059019674917
28.584584584584583	0.00021196066750555826
28.682682682682678	0.00017355384297184105
28.780780780780781	0.0001352037375880401
28.878878878878876	0.00010422500032172463
28.976976976976978	8.3126095537149985e-05
29.075075075075073	6.2077379585919658e-05
29.173173173173176	4.1095824081369969e-05
29.271271271271271	3.1430282874542064e-05
29.369369369369366	2.5212286170028153e-05
29.467467467467468	1.9055730174019443e-05
29.565565565565564	1.2938456002792444e-05
29.663663663663666	9.7946681089802978e-06
29.761761761761761	8.3402846605086368e-06
29.859859859859856	6.9513454233655379e-06
29.957957957957959	5.6437219981867134e-06
30.056056056056054	4.5049703676824145e-06
30.154154154154156	4.4445340880176221e-06
30.252252252252251	4.4020417520131894e-06
30.350350350350347	4.359702487541959e-06
30.448448448448449	4.6491341297600915e-06
30.546546546546544	5.0135755761191022e-06
30.644644644644647	5.6281296363115894e-06
30.742742742742742	6.2298836005047572e-06
30.840840840840837	7.226697690669547e-06
30.938938938938939	8.5583983965209377e-06
31.037037037037035	9.8559223026165423e-06
31.135135135135137	1.118171248575948e-05
31.233233233233232	1.2548574790909189e-05
31.331331331331327	1.3895474373823487e-05
31.42942942942943	1.5217889628925455e-05
31.527527527527525	1.6116454852325529e-05
31.625625625625627	1.6735497039162929e-05
31.723723723723722	1.7353483290022661e-05
31.821821821821825	1.7479229831161748e-05
31.91991991991992	1.7582282819488744e-05
32.018018018018012	1.7385553091808979e-05
32.116116116116117	1.6959485343613123e-05
32.214214214214209	1.6319168417567338e-05
32.312312312312315	1.562212801956676e-05
32.410410410410407	1.4635282821998559e-05
32.508508508508505	1.3648802476581923e-05
32.606606606606604	1.2317907316194826e-05
32.704704704704703	1.0888231891237735e-05
32.802802802802802	9.4647962166591223e-06
32.900900900900901	8.0951527398980334e-06
32.998998998998999	6.7748206309541356e-06
33.097097097097098	5.4583096630319017e-06
33.195195195195197	4.1523873049128973e-06
33.293293293293296	3.4108765729594803e-06
33.391391391391394	2.8047743463409627e-06
33.489489489489486	2.1989474945008027e-06
33.587587587587592	1.5950406981571007e-06
33.685685685685684	1.243695225822362e-06
33.78378378378379	1.0486879822910717e-06
33.881881881881881	8.5377405155618405e-07
33.979979979979973	6.5896755868763777e-07
34.078078078078079	4.6426502817603921e-07
34.176176176176178	4.0280106985909744e-07
34.274274274274276	3.4465625023227281e-07
34.372372372372375	2.8709800132298459e-07
34.470470470470467	2.2962130561772579e-07
34.568568568568566	1.7217540732522411e-07
34.666666666666664	1.5150051087669313e-07
34.764764764764763	1.3399470803751229e-07
34.862862862862862	1.1650606846502693e-07
34.960960960960961	9.9078215218026077e-08
35.059059059059059	8.2822673196369599e-08
35.157157157157158	7.2422801108476074e-08
35.255255255255257	6.811204816719313e-08
35.353353353353356	6.3907364462209999e-08
35.451451451451454	5.9727436486895816e-08
35.549549549549546	5.5553764169390608e-08
35.647647647647645	5.2084657418572864e-08
35.745745745745744	5.3622599612647189e-08
35.843843843843842	5.646128485624755e-08
35.941941941941941	5.9315193346242846e-08
36.04004004004004	6.2200271077696537e-08
36.138138138138139	6.5086543453362158e-08
36.236236236236238	6.7973976196944361e-08
36.334334334334336	8.0092582061394477e-08
36.432432432432435	9.3689114862306449e-08
36.530530530530527	1.0731329183561163e-07
36.628628628628626	1.2096582404503941e-07
36.726726726726724	1.3462762220490665e-07
36.824824824824823	1.4828882733987953e-07
36.922922922922922	1.9108155955762218e-07
37.021021021021021	2.3504595128230997e-07
37.119119119119119	2.7902825950495225e-07
37.217217217217218	3.2300744604551805e-07
37.315315315315317	3.6699133781963049e-07
37.413413413413416	4.5286043275281464e-07
37.511511511511507	5.9643751276362989e-07
37.609609609609606	7.4002486003956012e-07
37.707707707707705	8.837642243317604e-07
37.805805805805804	1.0274848236583043e-06
37.903903903903903	1.2590062858172648e-06
38.002002002002001	1.7311910479275083e-06
38.1001001001001	2.2033113832270222e-06
38.198198198198199	2.6753700540338041e-06
38.296296296296298	3.1473568753710911e-06
38.394394394394396	4.1037439200976547e-06
38.492492492492488	5.47520122290048e-06
38.590590590590594	6.8464392777712627e-06
38.688688688688686	8.2174505817626929e-06
38.786786786786784	9.9106438056677279e-06
38.884884884884883	1.251656490129134e-05
38.982982982982982	1.5121979698016424e-05
39.081081081081081	1.772688786864055e-05
39.179179179179179	2.0221010380123022e-05
39.277277277277278	2.2589932225488949e-05
39.375375375375377	2.4958316393276637e-05
39.473473473473469	2.7103878525599021e-05
39.571571571571575	2.8410233058941148e-05
39.669669669669666	2.9716270348358048e-05
39.767767767767765	3.0577527986459216e-05
39.865865865865864	3.1071501646189358e-05
39.963963963963963	3.1272992858906711e-05
40.062062062062061	3.1075299304998581e-05
40.16016016016016	3.0450083009855379e-05
40.258258258258259	2.9672190604972726e-05
40.356356356356358	2.838820262719143e-05
40.454454454454449	2.6905322514612799e-05
40.552552552552555	2.5376698062808525e-05
40.650650650650647	2.3069321309219969e-05
40.748748748748746	2.076260105071689e-05
40.846846846846844	1.8456468906608821e-05
40.944944944944943	1.6070848871151902e-05
41.043043043043042	1.366534398708869e-05
41.141141141141141	1.126050323149984e-05
41.23923923923924	8.8611792552647543e-06
41.337337337337338	7.5710395870358843e-06
41.43543543543543	6.281276423219628e-06
41.533533533533536	4.9919080352257377e-06
41.631631631631627	3.7029307588097141e-06
41.729729729729733	3.016187412618158e-06
41.827827827827825	2.5557541960432343e-06
41.925925925925924	2.0954651018618887e-06
42.024024024024023	1.6353228342616657e-06
42.122122122122121	1.1753302780460347e-06
42.22022022022022	1.0294298410067303e-06
42.318318318318319	8.84216189984636e-07
42.416416416416411	7.3906897715453233e-07
42.514514514514516	5.9397119529733192e-07
42.612612612612608	4.4892415501699784e-07
42.710710710710714	3.8769468520383631e-07
42.808808808808806	3.4190363042822137e-07
42.906906906906904	2.9612914720272571e-07
43.005005005005003	2.5037147396260094e-07
43.103103103103102	2.0463092429565351e-07
43.201201201201201	1.6783166125226436e-07
43.2992992992993	1.52877437011527e-07
43.397397397397391	1.3792920945387179e-07
43.495495495495497	1.2298706182247232e-07
43.593593593593589	1.0805342688750806e-07
43.691691691691695	9.3573461962822475e-08
43.789789789789786	8.2624945377521088e-08
43.887887887887885	7.8160825922972966e-08
43.985985985985984	7.3727422762432042e-08
44.084084084084083	6.9365874083388203e-08
44.182182182182181	6.5007456548100615e-08
44.28028028028028	6.0651681459020363e-08
44.378378378378379	5.6452217972659204e-08
44.476476476476478	5.5573089327095857e-08
44.574574574574569	5.509383745054431e-08
44.672672672672675	5.5060732362703372e-08
44.770770770770767	5.5090070296091102e-08
44.868868868868873	5.5282147044557131e-08
44.966966966966964	5.5475728364623324e-08
45.065065065065063	5.6165638540091638e-08
45.163163163163162	5.7650410197028938e-08
45.261261261261261	5.9136071554474147e-08
45.35935935935936	6.0629298177719691e-08
45.457457457457458	6.2532026111078334e-08
45.55555555555555	6.5847388725920972e-08
45.653653653653656	6.9390239434332034e-08
45.751751751751748	7.3145504739517771e-08
45.849849849849853	7.7224020631651749e-08
45.947947947947945	8.1303549805687816e-08
46.046046046046044	8.5384240122918764e-08
46.144144144144143	8.9465865444125515e-08
46.242242242242241	9.369641974377826e-08
46.34034034034034	9.99006770317589e-08
46.438438438438439	1.0814443460207146e-07
46.536536536536531	1.1659472782480153e-07
46.634634634634637	1.250463840975128e-07
46.732732732732728	1.3353742231723177e-07
46.830830830830834	1.4202993048423237e-07
46.928928928928926	1.5064729227811042e-07
47.027027027027025	1.6187070263126987e-07
47.125125125125123	1.7311330795764563e-07
47.223223223223222	1.8857568344456799e-07
47.321321321321321	2.0593355337226128e-07
47.41941941941942	2.2329341086144412e-07
47.517517517517511	2.4065514937532233e-07
47.615615615615617	2.602722015951438e-07
47.713713713713709	2.8460060117913286e-07
47.811811811811815	3.089878598064204e-07
47.909909909909906	3.3341844681760756e-07
48.008008008008012	3.6231536987035146e-07
48.106106106106104	3.9915016869033185e-07
48.204204204204203	4.3598774117236198e-07
48.302302302302301	4.9018804809944562e-07
48.4004004004004	5.4521456886869793e-07
48.498498498498499	6.002872896687008e-07
48.596596596596598	6.5563605403186807e-07
48.694694694694689	7.1101709949252735e-07
48.792792792792795	7.7514654313175466e-07
48.890890890890887	9.0283919104774929e-07
48.988988988988993	1.032496996033991e-06
49.087087087087085	1.1621553793845435e-06
49.185185185185183	1.2918135732250574e-06
49.283283283283282	1.4217089058250261e-06
49.381381381381381	1.5933677697683518e-06
49.47947947947948	1.8418333984943163e-06
49.577577577577578	2.1264402628521061e-06
49.67567567567567	2.4333542114833351e-06
49.773773773773776	2.7402645468943336e-06
49.871871871871868	3.0812684112160047e-06
49.969969969969974	3.6190643425775255e-06
50.068068068068065	4.1575694842129878e-06
50.166166166166164	4.6960410105315614e-06
50.264264264264263	5.2657666580681027e-06
50.362362362362362	6.0272331765884996e-06
50.46046046046046	6.9355323297043246e-06
50.558558558558559	7.8437754784522313e-06
50.656656656656658	8.7540920492702035e-06
50.754754754754757	9.6629429596697641e-06
50.852852852852848	1.053131663909682e-05
50.950950950950954	1.1455549297505125e-05
51.049049049049053	1.2647606297091684e-05
51.147147147147152	1.3790667841651035e-05
51.245245245245243	1.4768493754600226e-05
51.343343343343342	1.5751628939272623e-05
51.441441441441434	1.6734703061267989e-05
51.539539539539547	1.7541610064133085e-05
51.637637637637638	1.8705804782839008e-05
51.735735735735737	2.0266027327121423e-05
51.833833833833829	2.1728910002175515e-05
51.931931931931928	2.318235330220484e-05
52.030030030030034	2.4556825395503746e-05
52.128128128128132	2.586537641523352e-05
52.226226226226224	2.7333400799047469e-05
52.324324324324323	3.0550497022558944e-05
52.422422422422414	3.3721678619095513e-05
52.520520520520527	3.6904986720394178e-05
52.618618618618619	3.9987962991822618e-05
52.716716716716718	4.3021698199134976e-05
52.81481481481481	4.6656173540187038e-05
52.912912912912908	5.4591749322253531e-05
53.011011011011014	6.2465433225305489e-05
53.109109109109113	7.03388176012262e-05
53.207207207207205	7.8211866190167404e-05
53.305305305305303	8.6081924437265728e-05
53.403403403403395	9.9602199774874878e-05
53.501501501501508	0.00011822075536320589
53.5995995995996	0.00013683826173980493
53.697697697697699	0.00015550466535088343
53.79579579579579	0.00017431606962194562
53.893893893893889	0.00019860708260493291
53.991991991991995	0.00023399435791089876
54.090090090090094	0.00026939328796339883
54.188188188188185	0.00030484102334801247
54.286286286286284	0.00034037127319389194
54.384384384384376	0.00038132865695123316
54.482482482482489	0.00042642132729671774
54.58058058058058	0.00047147145709755908
54.678678678678679	0.00051659098697219357
54.776776776776771	0.00055951638533519314
54.87487487487487	0.00059585975487242554
54.972972972972975	0.00063218028620887874
55.071071071071074	0.00066847568806294058
55.169169169169166	0.00069889694002082177
55.267267267267265	0.000721811195280663
55.365365365365356	0.00074479450435560276
55.463463463463469	0.00076612801028815057
55.561561561561561	0.00077819264328665293
55.65965965965966	0.00079021111060834657
55.757757757757751	0.00079841361358720252
55.855855855855857	0.00080244163957375256
55.953953953953956	0.00080412619152816101
56.052052052052055	0.00080158634643045265
56.150150150150147	0.00079483769078386929
56.248248248248245	0.00078598739674733131
56.346346346346351	0.00077274997288708945
56.44444444444445	0.00075709873971701994
56.542542542542542	0.00074154868259945859
56.64064064064064	0.00071774646772906339
56.738738738738732	0.00069317951775011723
56.836836836836838	0.00066863417009919285
56.934934934934937	0.00063837177374047695
57.033033033033036	0.0006046171095049548
57.131131131131127	0.00057086856398795322
57.229229229229226	0.00053719144039348818
57.327327327327332	0.00049889202851997872
57.425425425425431	0.00045974368188169963
57.523523523523522	0.00042062057483705076
57.621621621621621	0.00038150352048231252
57.719719719719713	0.00034681634151439631
57.817817817817819	0.00031625296752261042
57.915915915915917	0.00028547876693567532
58.014014014014016	0.00025470967687763949
58.112112112112108	0.00022394580769316056
58.210210210210207	0.00020335447580919951
58.308308308308312	0.00018663848498233908
58.406406406406411	0.00016992540553712021
58.504504504504503	0.00015291017433388668
58.602602602602602	0.00013565015510233578
58.700700700700693	0.00012364110707291154
58.798798798798799	0.00011579482511703486
58.896896896896898	0.00010790599574015657
58.994994994994997	9.9785544972190145e-05
59.093093093093088	9.1488536196951493e-05
59.191191191191187	8.2943870947807969e-05
59.289289289289293	7.8773929398893064e-05
59.387387387387392	7.4519888608250848e-05
59.485485485485484	7.0268981546334105e-05
59.583583583583582	6.585846701809224e-05
59.681681681681674	6.1145070468062373e-05
59.77977977977978	5.6432494452051329e-05
59.877877877877879	5.3562027591211169e-05
59.975975975975977	5.0293987017105337e-05
60.074074074074069	4.7026545317676824e-05
60.172172172172168	4.3760934137132611e-05
60.270270270270274	4.038893400733631e-05
60.368368368368373	3.6717669312434517e-05
60.466466466466464	3.353279219322827e-05
60.564564564564563	3.0672561566600107e-05
60.662662662662655	2.7812770703941737e-05
60.76076076076076	2.5233438386677861e-05
60.858858858858859	2.2664981325654128e-05
60.956956956956958	2.0097010291486505e-05
61.05505505505505	1.7529471572091893e-05
61.153153153153148	1.5428506029442292e-05
61.251251251251254	1.3976452126613324e-05
61.349349349349353	1.2524642321043349e-05
61.447447447447445	1.1073081242007434e-05
61.545545545545544	9.621917239223519e-06
61.643643643643649	8.1946416786427329e-06
61.741741741741741	7.3549890097436409e-06
61.83983983983984	6.6354585532575939e-06
61.937937937937939	5.940226400817726e-06
62.03603603603603	5.2451218745556997e-06
62.134134134134136	4.5501471090403632e-06
62.232232232232235	4.0017634082928868e-06
62.330330330330334	3.6270151157438453e-06
62.428428428428425	3.2523573971127447e-06
62.526526526526524	2.9061670087531821e-06
62.62462462462463	2.5957695631735723e-06
62.722722722722722	2.2854436149087963e-06
62.820820820820821	2.0453621116031978e-06
62.918918918918919	1.877839534845923e-06
63.017017017017011	1.7103531186118635e-06
63.115115115115117	1.5429483088440954e-06
63.213213213213216	1.3755893268442698e-06
63.311311311311314	1.2299052187088274e-06
63.409409409409406	1.1017769665656862e-06
63.507507507507505	1.0249219710435533e-06
63.605605605605611	9.4809174242531873e-07
63.703703703703702	8.7127925442161737e-07
63.801801801801801	7.9448472073141128e-07
63.8998998998999	7.1772161387994798e-07
63.997997997997992	6.4099032862899433e-07
64.09609609609609	5.8631113487733994e-07
64.194194194194196	5.4971713042703875e-07
64.292292292292302	5.1313200882344157e-07
64.390390390390394	4.7655586232128812e-07
64.488488488488485	4.399918095272741e-07
64.586586586586591	4.0343867648323942e-07
64.684684684684683	3.668948086155679e-07
64.782782782782789	3.3523073717099657e-07
64.880880880880881	3.1258504222500153e-07
64.978978978978972	2.9444984410637988e-07
65.077077077077078	2.7631934065734216e-07
65.175175175175184	2.5819357875036454e-07
65.273273273273276	2.4007260492558279e-07
65.371371371371367	2.2195646573421647e-07
65.469469469469459	2.0417497229432308e-07
65.567567567567579	1.911345118629178e-07
65.665665665665671	1.7810451218788082e-07
65.763763763763762	1.6776683760599168e-07
65.861861861861854	1.5841776420683475e-07
65.959959959959946	1.4907127737988755e-07
66.058058058058066	1.39727399923443e-07
66.156156156156158	1.3038615469536017e-07
66.254254254254249	1.2193401529624137e-07
66.352352352352355	1.1496044991516656e-07
66.450450450450447	1.079902446840557e-07
66.548548548548553	1.0102530138295347e-07
66.646646646646644	9.5635788465569749e-08
66.74474474474475	9.0630522169567723e-08
66.842842842842842	8.5626723712023232e-08
66.940940940940934	8.0624405010081023e-08
67.039039039039039	7.6048014053883423e-08
67.137137137137131	7.219033010924477e-08
67.235235235235237	6.8333845914335447e-08
67.333333333333329	6.4478570191031188e-08
67.43143143143142	6.0625419765110276e-08
67.529529529529526	5.7410025177088497e-08
67.627627627627632	5.4635770331968405e-08
67.725725725725724	5.1862371659753943e-08
67.823823823823815	4.9125499731436556e-08
67.921921921921921	4.6926474752087077e-08
68.020020020020027	4.4728161723609782e-08
68.118118118118119	4.2530563347331195e-08
68.21621621621621	4.0333684362430602e-08
68.314314314314316	3.813752988759529e-08
68.412412412412422	3.6000633446687706e-08
68.510510510510514	3.4413866344176754e-08
68.608608608608606	3.2827688007525267e-08
68.706706706706711	3.1376739992009177e-08
68.804804804804803	3.0088129090663617e-08
68.902902902902909	2.8799951258730572e-08
69.001001001001001	2.7512209161965116e-08
69.099099099099092	2.6224905446631914e-08
69.197197197197198	2.4938043997629855e-08
69.29529529529529	2.3651627990958201e-08
69.393393393393396	2.2480135920468428e-08
69.491491491491487	2.1545858899625426e-08
69.589589589589593	2.0700095747758268e-08
69.687687687687685	1.9925245389769e-08
69.785785785785777	1.915066534456751e-08
69.883883883883883	1.8376356824292915e-08
69.981981981981988	1.7602321370473018e-08
70.08008008008008	1.682856061022302e-08
70.178178178178172	1.6055075899473212e-08
70.276276276276278	1.5281868725498994e-08
70.374374374374383	1.4568300455624419e-08
70.472472472472475	1.4035920865541952e-08
70.570570570570567	1.3558784690190234e-08
70.668668668668673	1.3082048999035631e-08
70.766766766766764	1.2605501999638316e-08
70.86486486486487	1.2129128511083903e-08
70.962962962962962	1.1652929391425794e-08
71.061061061061054	1.1176905520310731e-08
71.159159159159159	1.0701057860196164e-08
71.257257257257251	1.0225387384247465e-08
71.355355355355357	9.7498947543407742e-09
71.453453453453449	9.4424085035369439e-09
71.551551551551555	9.1424404620857282e-09
71.649649649649646	8.8425842686955168e-09
71.747747747747738	8.5429341931357654e-09
71.845845845845844	8.2434634907547548e-09
71.94394394394395	7.9441068697384634e-09
72.042042042042041	7.6448641339848988e-09
72.140140140140133	7.3457358045417876e-09
72.238238238238239	7.0467224053223102e-09
72.336336336336345	6.7524922904907073e-09
72.434434434434436	6.514392201953309e-09
72.532532532532528	6.3220274614503311e-09
72.630630630630634	6.1297988838012482e-09
72.728728728728726	5.9376448083274961e-09
72.826826826826832	5.7455653812599042e-09
72.924924924924923	5.553665650991245e-09
73.023023023023015	5.3618415597121751e-09
73.121121121121121	5.1700930171403503e-09
73.219219219219212	4.9784212936099655e-09
73.317317317317318	4.7894369438280227e-09
73.41541541541541	4.6148383532351125e-09
73.513513513513516	4.4691011941479645e-09
73.611611611611607	4.3434461002641836e-09
73.709709709709699	4.2178904674075047e-09
73.807807807807805	4.0923850203396763e-09
73.905905905905911	3.9669299467645799e-09
74.004004004004003	3.8415368595800388e-09
74.102102102102094	3.7162535975294656e-09
74.2002002002002	3.591021424291504e-09
74.298298298298306	3.4658403546701573e-09
74.396396396396398	3.3497430377081964e-09
74.494494494494489	3.2349194223851655e-09
74.592592592592595	3.1362831784647635e-09
74.690690690690701	3.0529202394192101e-09
74.788788788788793	2.9696488606940371e-09
74.886886886886884	2.8864117479225242e-09
74.984984984984976	2.8032090252427436e-09
75.083083083083082	2.720040815826179e-09
75.181181181181188	2.6369114810903809e-09
75.27927927927928	2.553860454575362e-09
75.377377377377371	2.4730363234820963e-09
75.475475475475477	2.3963779683556388e-09
75.573573573573569	2.3197522539656749e-09
75.671671671671675	2.2470188406369888e-09
75.769769769769766	2.1907769263014715e-09
75.867867867867872	2.1345919659795751e-09
75.965965965965964	2.078448023362056e-09
76.064064064064056	2.0223281323419089e-09
76.162162162162161	1.9662321417854728e-09
76.260260260260267	1.9101601302645778e-09
76.358358358358359	1.8541121723390847e-09
76.456456456456451	1.8003307846678779e-09
76.554554554554556	1.748344406733192e-09
76.652652652652662	1.696380704124102e-09
76.750750750750754	1.6444397457633398e-09
76.848848848848846	1.6008352996239006e-09
76.946946946946937	1.5623489391041056e-09
77.045045045045043	1.5239075135493377e-09
77.143143143143149	1.4854880436349538e-09
77.241241241241241	1.4470854373986784e-09
77.339339339339332	1.4086998080538433e-09
77.437437437437438	1.3703314148813829e-09
77.53553553553553	1.3332971882358595e-09
77.633633633633636	1.2975250851970025e-09
77.731731731731728	1.2617863865602473e-09
77.829829829829833	1.2260636762524713e-09
77.927927927927925	1.1903569983230221e-09
78.026026026026017	1.1619441200824382e-09
78.124124124124123	1.1352756295851472e-09
78.222222222222229	1.1086368360768563e-09
78.32032032032032	1.0820148280579672e-09
78.418418418418412	1.0554047283140902e-09
78.516516516516518	1.0288065876530708e-09
78.614614614614624	1.0025936109809672e-09
78.712712712712715	9.7767713087029566e-10
78.810810810810807	9.5277233374506627e-10
78.908908908908899	9.2788652510204329e-10
79.007007007007005	9.0302072225403662e-10
79.10510510510511	8.7816633901931701e-10
79.203203203203202	8.5794741939132525e-10
79.301301301301294	8.3922113313998432e-10
79.3993993993994	8.2051100980817086e-10
79.497497497497491	8.0181739837909898e-10
79.595595595595597	7.8313234136594769e-10
79.693693693693689	7.6445585993361848e-10
79.791791791791795	7.4654619880492233e-10
79.889889889889886	7.2898449626136065e-10
79.987987987987978	7.114309589023479e-10
80.086086086086084	6.9388561863965733e-10
80.18418418418419	6.7635378531274288e-10
80.282282282282281	6.5883654579498518e-10
80.380380380380373	6.4330328213539464e-10
80.478478478478479	6.2999701680280182e-10
80.576576576576585	6.1669693519573021e-10
80.674674674674677	6.034134980841593e-10
80.772772772772768	5.9013668640259082e-10
80.87087087087086	5.7686609608720574e-10
80.96896896896898	5.642733767409022e-10
81.067067067067072	5.5174906216613935e-10
81.165165165165163	5.3923068580606885e-10
81.263263263263255	5.2671826041793664e-10
81.361361361361361	5.1421179865028472e-10
81.459459459459467	5.0171328068302935e-10
81.557557557557558	4.8922698600360861e-10
81.65565565565565	4.7952465574842316e-10
81.753753753753756	4.6996697487780231e-10
81.851851851851848	4.6041542533052352e-10
81.949949949949954	4.5087458866730987e-10
82.048048048048045	4.4133831810700705e-10
82.146146146146151	4.3225660847804062e-10
82.244244244244243	4.23228522273024e-10
82.342342342342334	4.1420479735852295e-10
82.44044044044044	4.051854397589961e-10
82.538538538538546	3.9617045723482845e-10
82.636636636636638	3.8715985819890581e-10
82.734734734734729	3.7815365099062448e-10
82.832832832832821	3.6957419810890521e-10
82.930930930930941	3.6263388660700023e-10
83.029029029029033	3.5569693096466046e-10
83.127127127127125	3.4876452621602807e-10
83.225225225225216	3.4183983335757418e-10
83.323323323323322	3.3514204947240091e-10
83.421421421421428	3.2856630233338055e-10
83.51951951951952	3.2199381926737492e-10
83.617617617617611	3.1542459561379203e-10
83.715715715715717	3.0885861043810744e-10
83.813813813813809	3.0229586941178823e-10
83.911911911911915	2.9573638068407248e-10
84.010010010010006	2.8918014869028205e-10
84.108108108108112	2.8296125354257278e-10
84.206206206206204	2.7787793361907013e-10
84.304304304304296	2.7279711718645162e-10
84.402402402402402	2.6771884866981295e-10
84.500500500500507	2.6268816929137837e-10
84.598598598598599	2.5785739784427765e-10
84.696696696696691	2.5302907098105843e-10
84.794794794794782	2.4820325299995276e-10
84.892892892892903	2.4337985028740106e-10
84.990990990990994	2.385588734179764e-10
85.089089089089086	2.337403257239276e-10
85.187187187187178	2.2892424999641017e-10
85.285285285285283	2.2411060410204095e-10
85.383383383383389	2.193287817749121e-10
85.481481481481481	2.1556364006677735e-10
85.579579579579573	2.1180280347177544e-10
85.677677677677679	2.080438544425979e-10
85.77577577577577	2.0436604573291511e-10
85.873873873873876	2.0078112408757307e-10
85.971971971971968	1.9719801725436555e-10
86.070070070070074	1.9361672793406352e-10
86.168168168168165	1.9003725880227708e-10
86.266266266266257	1.8645968372941399e-10
86.364364364364363	1.8288396788428452e-10
86.462462462462469	1.7931008001202686e-10
86.56056056056056	1.7573802388323958e-10
86.658658658658652	1.7216780645845834e-10
86.756756756756758	1.6905930758703302e-10
86.854854854854864	1.6625112208326398e-10
86.952952952952955	1.6344641711292048e-10
87.051051051051047	1.6070612209083581e-10
87.149149149149139	1.5802545813309618e-10
87.247247247247259	1.553463208347318e-10
87.345345345345351	1.5266856228988946e-10
87.443443443443442	1.4999218433417022e-10
87.541541541541534	1.4731718878549225e-10
87.63963963963964	1.4464357744419262e-10
87.737737737737746	1.4197135209313173e-10
87.835835835835837	1.3930058744209959e-10
87.933933933933929	1.3663122202679796e-10
88.032032032032035	1.3396324777320301e-10
88.130130130130127	1.3182988873634769e-10
88.228228228228232	1.2971682324228648e-10
88.326326326326324	1.2763770856795685e-10
88.42442442442443	1.2561382664485384e-10
88.522522522522522	1.2359243585944683e-10
88.620620620620613	1.2157209925753372e-10
88.718718718718719	1.1955281808800514e-10
88.816816816816825	1.1753459449606932e-10
88.914914914914917	1.15517429985196e-10
89.013013013013008	1.1350132461824885e-10
89.1111111111111	1.1148627961285173e-10
89.209209209209206	1.0947229617430162e-10
89.307307307307312	1.0745937549564159e-10
89.405405405405403	1.0549117426432378e-10
89.503503503503495	1.0388792933211107e-10
89.601601601601601	1.0228552511682477e-10
89.699699699699707	1.0074553434965212e-10
89.797797797797799	9.9208020837238554e-11
89.89589589589589	9.7672421750473691e-11
89.993993993993996	9.6137667774848328e-11
90.092092092092088	9.4603739381350898e-11
90.190190190190194	9.3070638295479721e-11
90.288288288288285	9.1538351696499633e-11
90.386386386386391	9.0006880437193378e-11
90.484484484484483	8.8476225917557448e-11
90.582582582582575	8.6946389497914646e-11
90.68068068068068	8.541737087015348e-11
90.778778778778786	8.3899434946596993e-11
90.876876876876878	8.267572975869302e-11
90.97497497497497	8.1470250235664667e-11
91.073073073073061	8.0292964803607031e-11
91.171171171171181	7.9116890317686852e-11
91.269269269269273	7.7942454180939115e-11
91.367367367367365	7.6768916040637217e-11
91.465465465465456	7.5596007156483719e-11
91.563563563563562	7.4423728121295458e-11
91.661661661661668	7.3252083938034873e-11
91.75975975975976	7.2081078258589132e-11
91.857857857857852	7.0910719593707591e-11
91.955955955955957	6.9740993191391364e-11
92.054054054054049	6.8571899501666785e-11
92.152152152152155	6.7403439343593374e-11
92.250250250250247	6.6404132104227451e-11
92.348348348348352	6.5481227911664013e-11
92.446446446446444	6.4573013749458778e-11
92.544544544544536	6.3665304446618105e-11
92.642642642642642	6.2758714541414105e-11
92.740740740740748	6.1853423314777446e-11
92.838838838838839	6.0948623080446165e-11
92.936936936936931	6.0044314247928948e-11
93.035035035035023	5.9140497222045738e-11
93.133133133133128	5.8237172402954644e-11
93.231231231231234	5.7334340186179346e-11
93.329329329329326	5.6432002625704126e-11
93.427427427427418	5.5530163902248473e-11
93.525525525525524	5.4628830386200398e-11
93.623623623623629	5.377121212852165e-11
93.721721721721721	5.3056096360605728e-11
93.819819819819813	5.235262385136108e-11
93.917917917917919	5.1649535872040925e-11
94.016016016016025	5.0946832832938128e-11
94.114114114114116	5.0245026371284605e-11
94.212212212212208	4.9544195273340944e-11
94.310310310310314	4.8843756336654935e-11
94.408408408408405	4.8143702205263149e-11
94.506506506506511	4.7444033154938162e-11
94.604604604604603	4.674474945807131e-11
94.702702702702709	4.6045851383691334e-11
94.800800800800801	4.5347339197484808e-11
94.898898898898892	4.4649213161814862e-11
94.996996996996998	4.3951473716630016e-11
95.095095095095104	4.3329799744283603e-11
95.193193193193196	4.2779578309499128e-11
95.291291291291287	4.2229670709415629e-11
95.389389389389379	4.1680066922682199e-11
95.487487487487485	4.1130766914468395e-11
95.585585585585591	4.0582034306509916e-11
95.683683683683682	4.0034175736823735e-11
95.781781781781774	3.9486621564963497e-11
95.87987987987988	3.8939399081954857e-11
95.977977977977986	3.8392480781309195e-11
96.076076076076077	3.7845866848474512e-11
96.174174174174169	3.7299557466435896e-11
96.272272272272275	3.6753552815729736e-11
96.370370370370367	3.6207853074458396e-11
96.468468468468473	3.566245841830373e-11
96.566566566566564	3.5192118498732095e-11
96.66466466466467	3.4760371773832341e-11
96.762762762762762	3.432886716688633e-11
96.860860860860853	3.3897604860454961e-11
96.958958958958959	3.3466589202056291e-11
97.057057057057051	3.3035936859244146e-11
97.155155155155157	3.2605905404583401e-11
97.253253253253249	3.2176262356396072e-11
97.35135135135134	3.1746860289256637e-11
97.449449449449446	3.1317701216499693e-11
97.547547547547552	3.0888803197908845e-11
97.645645645645644	3.0460146359643743e-11
97.743743743743735	3.0031730823530603e-11
97.841841841841841	2.960355670960508e-11
97.939939939939947	2.9177983122898762e-11
98.038038038038039	2.8807644989695785e-11
98.13613613613613	2.8479292469359204e-11
98.234234234234236	2.8151124259577555e-11
98.332332332332328	2.7823140451578253e-11
98.430430430430434	2.7495341135238018e-11
98.528528528528525	2.7167745530235273e-11
98.626626626626631	2.6840533092956006e-11
98.724724724724723	2.6513732573556564e-11
98.822822822822815	2.6187162917627635e-11
98.920920920920921	2.5860777985927016e-11
99.019019019019026	2.5534577872233477e-11
99.117117117117118	2.5208562600024567e-11
99.21521521521521	2.488274556162577e-11
99.313313313313316	2.455711425067316e-11
99.411411411411407	2.4231667927679793e-11
99.509509509509513	2.390640666819313e-11
99.607607607607605	2.3581330546502827e-11
99.705705705705697	2.3256439635647651e-11
99.803803803803802	2.2931734007422916e-11
99.901901901901908	2.2607213732387834e-11
100	2.2282878879872509e-11
