Mw	Div
2	0.10907684990307417
2	0.10907684990307417
2.3333333333333339	0.11876423244086282
3	0.15089268469317993
3.5077242883048463	0.18742029312575939
3.6666666666666679	0.1868103956557601
4.3333333333333339	0.21128887814320821
4.6843889841900577	0.23463444081844839
5	0.23279850688199966
5.6666666666666679	0.25382759704859115
5.8391942983328562	0.26484755839537577
6.3333333333333339	0.26102611662805908
6.9718607916006015	0.27820190321385868
7	0.2767577902662946
7.666666666666667	0.27146018220785945
8.0820961063232346	0.28177816746653073
8.3333333333333339	0.27014627643195605
9	0.2663139008693382
9.1695939072452219	0.27031034810088517
9.6666666666666679	0.25092909836613508
10.234032695098627	0.24936022710955433
10.333333333333334	0.24258593293800559
11	0.22362918145368432
11.27507447223751	0.22380188939183571
11.666666666666668	0.20348976229292584
12.292363235544517	0.19287273998634832
12.333333333333334	0.18996554874722485
13	0.16600583764328913
13.285523266519341	0.16330149675967681
13.666666666666666	0.14472563963974031
14.254157181757568	0.13327524628596435
14.333333333333334	0.12864343134125916
15	0.10866939181428328
15.197843698482117	0.10659281823300806
15.666666666666666	0.089530973539965072
16.116135058783176	0.082745707711504107
16.333333333333332	0.074258900010951132
17	0.062262236191185774
17.008554041899053	0.062201197986648714
17.666666666666668	0.047758499693009139
17.87459047501563	0.045961605683722498
18.333333333333332	0.036266443897823901
18.713697127931681	0.032838273636916986
19	0.027243610351223684
19.525284842981826	0.022695546327902896
19.666666666666664	0.020217815706828669
20.308716705033785	0.015160529899006665
20.333333333333332	0.014783777116168361
21	0.01000422774772851
21.063300991420832	0.0098323477879628477
21.666666666666664	0.0063969855147160345
21.78828254938599	0.0061434770363426074
22.333333333333332	0.0038978683756442263
22.482832114757468	0.0036783421036208062
23	0.0022388051908018183
23.146032886822145	0.0021015831208708417
23.666666666666664	0.0011985689525778043
23.776863371299022	0.0011396960924385756
24.333333333333332	0.00059265366849593716
24.374175026863263	0.00058211139227848548
24.936662474618203	0.00028129251208319219
25	0.00023323912908998349
25.462822712074168	0.00012933147481307235
25.666666666666664	7.4155900490084555e-05
25.950897421107197	5.5155034246779399e-05
26.333333333333332	2.248451626388796e-05
26.39878799888259	2.0025534486427518e-05
26.80392381621704	5.6114671124746117e-06
27	2.7818600921303356e-06
27.163043624387136	1.6496709856844182e-06
27.471797024425271	5.9403558257060179e-07
27.723907360351753	2.5357267643884415e-07
27.908923394469493	7.8860066043121885e-08
28	0
28	0
28.091076605530507	0
28.276092639648247	0
28.528202975574729	0
28.836956375612864	0
29.19607618378296	0
29.60121200111741	0
30.049102578892803	0
30.537177287925832	0
31.063337525381797	0
31.625824973136737	0
32.223136628700978	0
32.853967113177859	0
33.517167885242529	0
34.21171745061401	0
34.936699008579168	0
35.691283294966212	0
36.474715157018174	0
37.286302872068319	0
38.12540952498437	0
38.991445958100947	0
39.883864941216828	0
40.802156301517883	0
41.74584281824243	0
42.714476733480659	0
43.707636764455486	0
44.724925527762494	0
45.765967304901373	0
46.830406092754778	0
47.917903893676765	0
49.028139208399395	0
50.160805701667144	0
51.315611015809942	0
52.492275711695157	0
53.690532319898431	0
54.910124487687085	0
56.150806209654078	0
57.412341131682695	0
58.69450191944199	0
59.997069683875026	0
61.319833457194719	0
62.662589713784961	0
64.025141931148909	0
65.407300186675712	0
66.808880786532285	0
68.229705923443618	0
69.669603360516078	0
71.128406138594798	0
72.605952304936892	0
74.102084661232581	0
75.616650529225922	0
77.149501532375794	0
78.700493392164532	0
80.269485737807273	0
81.856341928242188	0
83.460928885395532	0
85.083116937813514	0
86.72277967384251	0
88.379793803615669	0
90.054039029174533	0
91.745397922115643	0
93.453755808207077	0
95.17900065846996	0
96.921022986263281	0
98.679715749950944	0
100	0
100	0

