Mw	P
2	9753.9530920538145
2.0980980980980979	9376.1090146635652
2.1961961961961962	9029.7472565464286
2.2942942942942941	8710.9311302244841
2.3923923923923924	8416.3636502602694
2.4904904904904903	8143.2619810390215
2.5885885885885886	7889.2603950762405
2.6866866866866865	7652.3344585748282
2.7847847847847849	7430.7412130561042
2.8828828828828827	7221.0899847022547
2.9809809809809811	7023.95485162963
3.079079079079079	6838.2757263918047
3.1771771771771773	6663.0350227121917
3.2752752752752752	6497.3347938948082
3.3733733733733731	6340.3794837110909
3.4714714714714714	6191.461590662946
3.5695695695695697	6049.9496861579637
3.6676676676676676	5915.2783467449135
3.7657657657657655	5786.9396521375975
3.8638638638638643	5664.4759714186521
3.9619619619619622	5547.4738147397147
4.06006006006006	5435.5585708222861
4.1581581581581579	5328.3899844300358
4.2562562562562558	5225.6582548296401
4.3543543543543546	5127.0770523560632
4.4524524524524525	5031.1696161953287
4.5505505505505504	4938.9691247826959
4.6486486486486491	4850.254961741839
4.7467467467467461	4764.8241339419419
4.8448448448448449	4682.4895206100737
4.9429429429429428	4603.0783287883633
5.0410410410410407	4526.4307271874513
5.1391391391391394	4452.3986347423288
5.2372372372372364	4380.8446437150751
5.3353353353353352	4311.6410601431835
5.433433433433434	4244.6690469072091
5.531531531531531	4179.8178567723216
5.6296296296296298	4116.9841445136235
5.7277277277277285	4056.0713487205953
5.8258258258258255	3996.9891351367523
5.9239239239239243	3939.4617555746622
6.0220220220220222	3883.048944824629
6.1201201201201201	3828.251248251881
6.218218218218218	3774.9976079134653
6.3163163163163158	3723.2211804146596
6.4144144144144146	3672.8590238667121
6.5125125125125125	3623.8518126285976
6.6106106106106104	3576.143576979076
6.7087087087087083	3529.6814651967843
6.8068068068068062	3484.4155258148394
6.9049049049049049	3440.2985080682965
7.0030030030030028	3397.2856787732089
7.1011011011011007	3355.3346540690591
7.1991991991991986	3314.4052446258752
7.2972972972972974	3274.4593130664471
7.3953953953953953	3235.4606424854896
7.4934934934934931	3197.0615806569863
7.591591591591591	3159.4186786165433
7.6896896896896889	3122.6355763334273
7.7877877877877877	3086.6822102563624
7.8858858858858856	3051.5299344684795
7.9839839839839835	3017.1514367438735
8.0820820820820813	2983.520660566383
8.1801801801801801	2950.6127326184851
8.2782782782782789	2918.4038952943329
8.3763763763763777	2886.8714438322486
8.4744744744744729	2855.9936676990415
8.5725725725725717	2825.749795891727
8.6706706706706704	2796.1199458521501
8.7687687687687692	2767.0850757168932
8.866866866866868	2738.626939649108
8.9649649649649632	2710.6452983745544
9.063063063063062	2683.0569536532362
9.1611611611611607	2655.9997710126831
9.2592592592592595	2629.4581470692965
9.3573573573573583	2603.4170960541419
9.4554554554554571	2577.86221908979
9.5535535535535523	2552.7796753036782
9.6516516516516511	2528.1561546501316
9.7497497497497498	2503.9788523233269
9.8478478478478486	2480.2354446526742
9.9459459459459474	2456.9140663805724
10.044044044044044	2434.0032892301515
10.142142142142141	2411.4921016776502
10.24024024024024	2389.3698898505272
10.338338338338339	2367.6264194782702
10.436436436436436	2346.2309505917797
10.534534534534535	2325.1152923644231
10.632632632632632	2304.3515254555286
10.73073073073073	2283.9307266485907
10.828828828828829	2263.8442772723424
10.926926926926926	2244.08385013727
11.025025025025025	2224.6413971460879
11.123123123123122	2205.5091375376137
11.221221221221221	2186.6795467262718
11.31931931931932	2168.1453457020334
11.417417417417417	2149.8994909579424
11.515515515515515	2131.935164914617
11.613613613613612	2114.2457668130942
11.711711711711711	2096.8249040493079
11.80980980980981	2079.6663839252055
11.907907907907907	2062.756810532514
12.006006006006006	2046.077457054713
12.104104104104103	2029.6433602971797
12.202202202202201	2013.4490447221426
12.3003003003003	1997.4891991422962
12.398398398398397	1981.7586705224044
12.496496496496496	1966.2524580621684
12.594594594594595	1950.9657075454561
12.692692692692692	1935.8937059419102
12.790790790790791	1921.0318762477577
12.888888888888888	1906.3757725534679
12.986986986986986	1891.9210753265927
13.085085085085085	1877.6635868988494
13.183183183183182	1863.5992271471055
13.281281281281281	1849.7240293585469
13.379379379379378	1836.0396579577616
13.477477477477477	1822.5415581236934
13.575575575575575	1809.2211539196464
13.673673673673672	1796.0748997438247
13.771771771771771	1783.0993450137489
13.86986986986987	1770.2911309678593
13.967967967967967	1757.6469875966652
14.066066066066066	1745.1637306973103
14.164164164164164	1732.8382590457636
14.262262262262263	1720.6675516811433
14.360360360360358	1708.6486652969834
14.458458458458457	1696.778731734526
14.556556556556556	1685.0549555733776
14.654654654654655	1673.474611815112
14.752752752752754	1662.0352052903575
14.850850850850849	1650.7611385661226
14.948948948948948	1639.6223238935868
15.047047047047046	1628.6163051756214
15.145145145145145	1617.7406861710949
15.243243243243244	1606.9931286633937
15.341341341341339	1596.3713506963695
15.439439439439438	1585.8731248748193
15.537537537537537	1575.4962767267364
15.635635635635635	1565.2386831247115
15.733733733733734	1555.0982707639869
15.831831831831833	1545.0730146947938
15.929929929929928	1535.1609369067005
16.028028028028025	1525.360104962831
16.126126126126124	1515.6686306818931
16.224224224224223	1506.1078543158094
16.322322322322321	1496.662734065631
16.42042042042042	1487.3211265893069
16.518518518518519	1478.0813166880548
16.616616616616618	1468.9416272759033
16.714714714714717	1459.9004183168151
16.812812812812815	1450.95608579747
16.910910910910914	1442.1070607343115
17.009009009009006	1433.3518082135231
17.107107107107105	1424.6888264626532
17.205205205205203	1416.1166459526803
17.303303303303302	1407.6338285293405
17.401401401401401	1399.23896657261
17.4994994994995	1390.930682183277
17.597597597597598	1382.7275753210683
17.695695695695697	1374.6218467413114
17.793793793793796	1366.5983336081922
17.891891891891895	1358.6557762460134
17.989989989989986	1350.7929408457358
18.088088088088089	1343.0086187985892
18.186186186186188	1335.3016260503484
18.284284284284283	1327.6708024754942
18.382382382382382	1320.1150112705795
18.48048048048048	1312.6331383660831
18.578578578578579	1305.2240918561072
18.676676676676678	1297.8868014452869
18.774774774774773	1290.6202179122968
18.872872872872872	1283.4233125893784
18.970970970970971	1276.3173445556795
19.069069069069069	1269.2880426037336
19.167167167167168	1262.3251063369853
19.265265265265263	1255.4275899787094
19.363363363363362	1248.5945658066087
19.461461461461461	1241.8251237205634
19.55955955955956	1235.1183708228186
19.657657657657658	1228.4734310102076
19.755755755755754	1221.8894445779958
19.853853853853852	1215.3655678349669
19.951951951951951	1208.9009727293724
20.05005005005005	1202.4948464853894
20.148148148148149	1196.1463912497436
20.246246246246244	1189.8558822731809
20.344344344344343	1183.648271832757
20.442442442442442	1177.4957369831957
20.54054054054054	1171.3975405930787
20.638638638638639	1165.3529587408345
20.736736736736734	1159.3612804179179
20.834834834834833	1153.4218072400101
20.932932932932932	1147.5338531659879
21.031031031031031	1141.6967442244131
21.129129129129129	1135.9098182473131
21.227227227227225	1130.1724246110193
21.325325325325323	1124.4839239838493
21.423423423423422	1118.843688080422
21.521521521521521	1113.2510994223951
21.61961961961962	1107.7200579525481
21.717717717717715	1102.2453609162651
21.815815815815814	1096.8162846506511
21.913913913913913	1091.4322560040755
22.012012012012011	1086.0927114624885
22.11011011011011	1080.7970969462842
22.208208208208205	1075.5448676123128
22.306306306306304	1070.3354876608835
22.404404404404403	1065.168430147623
22.502502502502502	1060.043176800034
22.6006006006006	1054.959217838626
22.698698698698696	1049.9160518024801
22.796796796796794	1044.9131853791216
22.894894894894893	1039.9578419523834
22.992992992992992	1035.0551714623562
23.091091091091091	1030.191174839141
23.189189189189189	1025.3653923476743
23.287287287287285	1020.5773715650565
23.385385385385383	1015.8266672348017
23.483483483483482	1011.1128411245827
23.581581581581581	1006.4354618873651
23.67967967967968	1001.7941049258478
23.777777777777775	997.18835226010799
23.875875875875874	992.61779239836483
23.973973973973973	988.08202021078432
24.072072072072071	983.58063680622536
24.17017017017017	979.11970541303799
24.268268268268265	974.70360374326083
24.366366366366364	970.32057623440392
24.464464464464463	965.97024975032377
24.562562562562562	961.6522567856191
24.66066066066066	957.36623535916692
24.758758758758756	953.11182891008184
24.856856856856854	948.88868619602579
24.954954954954953	944.69646119381514
25.053053053053052	940.53481300225837
25.151151151151151	936.40340574716754
25.24924924924925	932.30190848848974
25.347347347347345	928.22999512949593
25.445445445445444	924.1965210534247
25.543543543543542	920.19827901342705
25.641641641641641	916.2285425982742
25.73973973973974	912.28700577798304
25.837837837837835	908.37336691598102
25.935935935935934	904.48732869009723
26.034034034034033	900.6285980152569
26.132132132132131	896.79688596784285
26.23023023023023	892.99190771167991
26.328328328328329	889.21338242560012
26.426426426426424	885.46103323255193
26.524524524524526	881.73458713021216
26.622622622622622	878.03439311679028
26.720720720720717	874.37227242538052
26.818818818818819	870.73515264842729
26.916916916916914	867.1227768518313
27.015015015015017	863.53489163166944
27.113113113113112	859.97124705344481
27.211211211211207	856.43159659259311
27.30930930930931	852.91569707621363
27.407407407407405	849.42330862599692
27.505505505505507	845.95419460232051
27.603603603603602	842.5081215494871
27.701701701701698	839.08485914206949
27.7997997997998	835.68418013234884
27.897897897897895	832.31469617420521
27.995995995995997	828.97044224195656
28.094094094094093	825.64801778894866
28.192192192192188	822.347208376352
28.29029029029029	819.06780238098179
28.388388388388385	815.80959094899879
28.486486486486488	812.5723679505262
28.584584584584583	809.35592993516036
28.682682682682678	806.16007608835389
28.780780780780781	802.98460818865192
28.878878878878876	799.8293305657636
28.976976976976978	796.69405005944452
29.075075075075073	793.58504991162181
29.173173173173176	790.49892004056073
29.271271271271271	787.43215153417964
29.369369369369366	784.38456163796991
29.467467467467468	781.35596990276497
29.565565565565564	778.3461981483274
29.663663663663666	775.35507042762504
29.761761761761761	772.38241299178799
29.859859859859856	769.42805425572078
29.957957957957959	766.49182476436408
30.056056056056054	763.57355715958852
30.154154154154156	760.67308614770491
30.252252252252251	757.79450923959007
30.350350350350347	754.93426471293469
30.448448448448449	752.09129522573437
30.546546546546544	749.26544383283181
30.644644644644647	746.45655549425851
30.742742742742742	743.66447704627865
30.840840840840837	740.88905717296336
30.938938938938939	738.13014637828155
31.037037037037035	735.38759695869805
31.135135135135137	732.66126297626579
31.233233233233232	729.95100023220471
31.331331331331327	727.26015261501334
31.42942942942943	724.59647260980773
31.527527527527525	721.94834490828396
31.625625625625627	719.3156329444422
31.723723723723722	716.69820175439997
31.821821821821825	714.09591795285769
31.91991991991992	711.50864970998896
32.018018018018012	708.93626672873131
32.116116116116117	706.378640222478
32.214214214214209	703.83564289316018
32.312312312312315	701.30714890970876
32.410410410410407	698.79303388689334
32.508508508508505	696.29325274941198
32.606606606606604	693.80761237939396
32.704704704704703	691.33598248179851
32.802802802802802	688.87824431061551
32.900900900900901	686.43428046422048
32.998998998998999	684.00397486632392
33.097097097097098	681.58721274724178
33.195195195195197	679.18388062548809
33.293293293293296	676.79386628967632
33.391391391391394	674.41705878072651
33.489489489489486	672.0533483743726
33.587587587587592	669.71236280727567
33.685685685685684	667.38679559614013
33.78378378378379	665.07392951509087
33.881881881881881	662.77366027435323
33.979979979979973	660.48588472789913
34.078078078078079	658.21050085774732
34.176176176176178	655.94740775852495
34.274274274274276	653.69650562227866
34.372372372372375	651.45769572353777
34.470470470470467	649.23088040462028
34.568568568568566	647.0159630611787
34.666666666666664	644.81031629402514
34.764764764764763	642.61624141128129
34.862862862862862	640.43379359413086
34.960960960960961	638.26288022171059
35.059059059059059	636.10340965849446
35.157157157157158	633.95529124117604
35.255255255255257	631.81843526575847
35.353353353353356	629.69275297485228
35.451451451451454	627.57815654517435
35.549549549549546	625.47455907524534
35.647647647647645	623.38783742184137
35.745745745745744	621.32259878345462
35.843843843843842	619.26801092262701
35.941941941941941	617.22399128057066
36.04004004004004	615.19045815306458
36.138138138138139	613.16733067938549
36.236236236236238	611.15452883141086
36.334334334334336	609.15197340288944
36.432432432432435	607.15958599888097
36.530530530530527	605.17728902535521
36.628628628628626	603.20461035930111
36.726726726726724	601.22984386731264
36.824824824824823	599.26500431685042
36.922922922922922	597.31001671319814
37.021021021021021	595.3648068181285
37.119119119119119	593.42930114035448
37.217217217217218	591.50342692612469
37.315315315315317	589.5871121499631
37.413413413413416	587.68028550554584
37.511511511511507	585.78287639671771
37.609609609609606	583.89481492864081
37.707707707707705	582.03880964638347
37.805805805805804	580.19254992508559
37.903903903903903	578.35531030316474
38.002002002002001	576.52702455885401
38.1001001001001	574.70762711948942
38.198198198198199	572.89705305354983
38.296296296296298	571.09523806281277
38.394394394394396	569.3021184746259
38.492492492492488	567.51763123429225
38.590590590590594	565.74053377935525
38.688688688688686	563.96669147877662
38.786786786786784	562.20132748681226
38.884884884884883	560.44438091542031
38.982982982982982	558.69579146033323
39.081081081081081	556.95549939405464
39.179179179179179	555.22344555895734
39.277277277277278	553.49957136048067
39.375375375375377	551.7838187604259
39.473473473473469	550.07613027034597
39.571571571571575	548.37789197401878
39.669669669669666	546.68830646801234
39.767767767767765	545.00660417669917
39.865865865865864	543.33272983970426
39.963963963963963	541.66662871376127
40.062062062062061	540.0082465666585
40.16016016016016	538.35752967127144
40.258258258258259	536.71442479967573
40.356356356356358	535.0788792173463
40.454454454454449	533.45570171862551
40.552552552552555	531.84618659483078
40.650650650650647	530.24402132385558
40.748748748748746	528.64915548398847
40.846846846846844	527.06153911525121
40.944944944944943	525.48112271410776
41.043043043043042	523.90785722824728
41.141141141141141	522.34169405143939
41.23923923923924	520.78258501845892
41.337337337337338	519.22961407701689
41.43543543543543	517.68271422302951
41.533533533533536	516.1427346259519
41.631631631631627	514.60962878035525
41.729729729729733	513.08335059795922
41.827827827827825	511.56385440295327
41.925925925925924	510.05109492737648
42.024024024024023	508.54502730656372
42.122122122122121	507.04560707464992
42.22022022022022	505.55416166851126
42.318318318318319	504.0695271625687
42.416416416416411	502.59140057380853
42.514514514514516	501.1197390518704
42.612612612612608	499.65450012296793
42.710710710710714	498.19564168574686
42.808808808808806	496.74312200720169
42.906906906906904	495.29689971864286
43.005005005005003	493.8608112932003
43.103103103103102	492.43495262198246
43.201201201201201	491.01523329798226
43.2992992992993	489.60161361724749
43.397397397397391	488.19405421852213
43.495495495495497	486.79251607954529
43.593593593593589	485.39696051340087
43.691691691691695	484.00734916491092
43.789789789789786	482.6241276288136
43.887887887887885	481.24737219757071
43.985985985985984	479.87644273535324
44.084084084084083	478.51130221501415
44.182182182182181	477.15191392346986
44.28028028028028	475.79824145836631
44.378378378378379	474.45024872479081
44.476476476476478	473.10789993202371
44.574574574574569	471.77089068760029
44.672672672672675	470.43934990026082
44.770770770770767	469.11334878725813
44.868868868868873	467.79285273630535
44.966966966966964	466.4778274237193
45.065065065065063	465.16823881140903
45.163163163163162	463.86405314390504
45.261261261261261	462.56666310284368
45.35935935935936	461.27772020628612
45.457457457457458	459.99406084990591
45.55555555555555	458.71565250896987
45.653653653653656	457.44246292592982
45.751751751751748	456.1744601076777
45.849849849849853	454.91161232283343
45.947947947947945	453.65474927774261
46.046046046046044	452.40564225428898
46.144144144144143	451.16158148970118
46.242242242242241	449.92253637009622
46.34034034034034	448.68847652942571
46.438438438438439	447.45937184696731
46.536536536536531	446.2351924448455
46.634634634634637	445.01695231619084
46.732732732732728	443.80453924280329
46.830830830830834	442.5969546625916
46.928928928928926	441.39416969979078
47.027027027027025	440.19615570906382
47.125125125125123	439.00288427320334
47.223223223223222	437.81438444241638
47.321321321321321	436.63089047024528
47.41941941941942	435.4520535131316
47.517517517517511	434.27784605447016
47.615615615615617	433.10824079460122
47.713713713713709	431.94321064867216
47.811811811811815	430.7829265798951
47.909909909909906	429.62823613631178
48.008008008008012	428.47803551289275
48.106106106106104	427.33229849623609
48.204204204204203	426.19099907714832
48.302302302302301	425.05411144865616
48.4004004004004	423.92307402162282
48.498498498498499	422.79760380937955
48.596596596596598	421.67645833279113
48.694694694694689	420.55961264001542
48.792792792792795	419.44704197129397
48.890890890890887	418.33958620113856
48.988988988988993	417.2380011610191
49.087087087087085	416.14060791261778
49.185185185185183	415.04738250690309
49.283283283283282	413.95830117740724
49.381381381381381	412.87402401076281
49.47947947947948	411.79435792019223
49.577577577577578	410.71876089395079
49.67567567567567	409.64720990727022
49.773773773773776	408.58008272798986
49.871871871871868	407.51815227048644
49.969969969969974	406.46019351887458
50.068068068068065	405.40618417107521
50.166166166166164	404.35635730171623
50.264264264264263	403.3107835855613
50.362362362362362	402.26909102418949
50.46046046046046	401.23136059418999
50.558558558558559	400.19814903513304
50.656656656656658	399.16875118661136
50.754754754754757	398.14266674019717
50.852852852852848	397.11975475725296
50.950950950950954	396.10128319602802
51.049049049049053	395.08788390843756
51.147147147147152	394.07807720093354
51.245245245245243	393.07134878430662
51.343343343343342	392.06923359102706
51.441441441441434	391.07151376695725
51.539539539539547	390.07741571098757
51.637637637637638	389.0877462631679
51.735735735735737	388.10178003711917
51.833833833833829	387.11937309957125
51.931931931931928	386.14123542633217
52.030030030030034	385.16714733522457
52.128128128128132	384.19655635379689
52.226226226226224	383.22944363410153
52.324324324324323	382.26686495260913
52.422422422422414	381.30808121274168
52.520520520520527	380.35271465755994
52.618618618618619	379.4007470038394
52.716716716716718	378.45306019466005
52.81481481481481	377.50991907112513
52.912912912912908	376.57011506662582
53.011011011011014	375.6336304557463
53.109109109109113	374.70044763867372
53.207207207207205	373.77082603438822
53.305305305305303	372.84461507016812
53.403403403403395	371.92165232372565
53.501501501501508	371.00192069486297
53.5995995995996	370.0854032034789
53.697697697697699	369.17312463523734
53.79579579579579	368.26527579373374
53.893893893893889	367.36058251557779
53.991991991991995	366.45902833610864
54.090090090090094	365.56059690526843
54.188188188188185	364.66527198660339
54.286286286286284	363.77356806532146
54.384384384384376	362.88503409679038
54.482482482482489	361.99955637888962
54.58058058058058	361.11711913164544
54.678678678678679	360.23770668377125
54.776776776776771	359.36130347173196
54.87487487487487	358.48895768075107
54.972972972972975	357.61977625285203
55.071071071071074	356.75355360759289
55.169169169169166	355.8902746264809
55.267267267267265	355.02992429407453
55.365365365365356	354.17248769710517
55.463463463463469	353.31920655713736
55.561561561561561	352.47015840956226
55.65965965965966	351.62397070359577
55.757757757757751	350.78062897426275
55.855855855855857	349.94011885416393
55.953953953953956	349.1024260726536
56.052052052052055	348.26753645502424
56.150150150150147	347.4372379739666
56.248248248248245	346.61028789296631
56.346346346346351	345.78609080174846
56.44444444444445	344.96463294395437
56.542542542542542	344.14590065491814
56.64064064064064	343.32988036090217
56.738738738738732	342.51655857834214
56.836836836836838	341.70711875261128
56.934934934934937	340.90089209895558
57.033033033033036	340.09731810685236
57.131131131131127	339.29638367633839
57.229229229229226	338.49807579374476
57.327327327327332	337.702381530987
57.425425425425431	336.90928804486049
57.523523523523522	336.11923211886335
57.621621621621621	335.33288922399254
57.719719719719713	334.54910375597046
57.817817817817819	333.76786323095178
57.915915915915917	332.98915524637653
58.014014014014016	332.21296748030784
58.112112112112108	331.43928769077758
58.210210210210207	330.66810371513645
58.308308308308312	329.90051603295359
58.406406406406411	329.13628964396548
58.504504504504503	328.37451641218058
58.602602602602602	327.61518451883484
58.700700700700693	326.85828222111502
58.798798798798799	326.10379785154726
58.896896896896898	325.35171981739376
58.994994994994997	324.60203660005322
59.093093093093088	323.85579556218113
59.191191191191187	323.11293731721179
59.289289289289293	322.37243297226047
59.387387387387392	321.63427133286638
59.485485485485484	320.89844127557865
59.583583583583582	320.16493174739293
59.681681681681674	319.43373176519464
59.77977977977978	318.70483041520538
59.877877877877879	317.978506665559
59.975975975975977	317.25599077325177
60.074074074074069	316.5357353549814
60.172172172172168	315.81772979684422
60.270270270270274	315.10196355140977
60.368368368368373	314.38842613720027
60.466466466466464	313.67710713817456
60.564564564564563	312.96799620321747
60.662662662662655	312.26108304563434
60.76076076076076	311.55799579038552
60.858858858858859	310.85866935452236
60.956956956956958	310.16149992152071
61.05505505505505	309.46647750668791
61.153153153153148	308.77359218697683
61.251251251251254	308.08283410051081
61.349349349349353	307.39419344611213
61.447447447447445	306.70766048283434
61.545545545545544	306.02322552949988
61.643643643643649	305.34198491917539
61.741741741741741	304.66367902964163
61.83983983983984	303.98743634539761
61.937937937937939	303.31324744836007
62.03603603603603	302.64110297778655
62.134134134134136	301.97099362983829
62.232232232232235	301.30291015714852
62.330330330330334	300.63684336839282
62.428428428428425	299.97278412786545
62.526526526526524	299.31118265122149
62.62462462462463	298.65249885478261
62.722722722722722	297.99579127915604
62.820820820820821	297.34105102644344
62.918918918918919	296.68826925217957
63.017017017017011	296.03743716493148
63.115115115115117	295.38854602590038
63.213213213213216	294.7415871485278
63.311311311311314	294.09655189810536
63.409409409409406	293.45343169138778
63.507507507507505	292.81432588016332
63.605605605605611	292.17758284421677
63.703703703703702	291.5427215933218
63.801801801801801	290.90973378184589
63.8998998998999	290.27861111352075
63.997997997997992	289.64934534107732
64.09609609609609	289.02192826588339
64.194194194194196	288.39635173758592
64.292292292292302	287.77260765375479
64.390390390390394	287.1507614910833
64.488488488488485	286.53327753365375
64.586586586586591	285.91759415092781
64.684684684684683	285.30370346389645
64.782782782782789	284.69159763953246
64.880880880880881	284.08126889045548
64.978978978978972	283.47270947459901
65.077077077077078	282.86591169488088
65.175175175175184	282.26086789887665
65.273273273273276	281.65757047849559
65.371371371371367	281.05601186965936
65.469469469469459	280.45780211484657
65.567567567567579	279.86136432923047
65.665665665665671	279.26663799457452
65.763763763763762	278.67361574154648
65.861861861861854	278.08229024313346
65.959959959959946	277.49265421433847
66.058058058058066	276.90470041187854
66.156156156156158	276.31842163388723
66.254254254254249	275.73381071961711
66.352352352352355	275.15086054914713
66.450450450450447	274.57113638721046
66.548548548548553	273.99392775143713
66.646646646646644	273.41835169773134
66.74474474474475	272.84440129705195
66.842842842842842	272.27206965957845
66.940940940940934	271.70134993443304
67.039039039039039	271.13223530940576
67.137137137137131	270.56471901068164
67.235235235235237	269.99879430256993
67.333333333333329	269.43445448723611
67.43143143143142	268.87186558423605
67.529529529529526	268.31378880138317
67.627627627627632	267.75726819789406
67.725725725725724	267.20229726237972
67.823823823823815	266.64886951978571
67.921921921921921	266.09697853113892
68.020020020020027	265.54661789329657
68.118118118118119	264.99778123869652
68.21621621621621	264.45046223510991
68.314314314314316	263.90465458539654
68.412412412412422	263.36035202726197
68.510510510510514	262.817837687809
68.608608608608606	262.27789562833578
68.706706706706711	261.73943623208123
68.804804804804803	261.20245338994897
68.902902902902909	260.66694102641139
69.001001001001001	260.13289309927978
69.099099099099092	259.60030359947484
69.197197197197198	259.0691665508005
69.29529529529529	258.53947600971873
69.393393393393396	258.01122606512627
69.491491491491487	257.48441083813384
69.589589589589593	256.95930480529154
69.687687687687685	256.43780919305033
69.785785785785777	255.91772401081309
69.883883883883883	255.39904353479491
69.981981981981988	254.88176207218797
70.08008008008008	254.36587396095157
70.178178178178172	253.85137356960431
70.276276276276278	253.33825529701795
70.374374374374383	252.82651357221314
70.472472472472475	252.31614285415628
70.570570570570567	251.80713763155833
70.668668668668673	251.29949242267506
70.766766766766764	250.79494751830143
70.86486486486487	250.29227832602189
70.962962962962962	249.79094671408595
71.061061061061054	249.29094734201911
71.159159159159159	248.79227489778214
71.257257257257251	248.29492409758186
71.355355355355357	247.79888968568292
71.453453453453449	247.30416643422205
71.551551551551555	246.8107491430228
71.649649649649646	246.31863263941273
71.747747747747738	245.82781177804111
71.845845845845844	245.33867654623683
71.94394394394395	244.85270386360938
72.042042042042041	244.36800548551747
72.140140140140133	243.88457639836034
72.238238238238239	243.40241161484201
72.336336336336345	242.92150617379903
72.434434434434436	242.44185514002899
72.532532532532528	241.9634536041209
72.630630630630634	241.48629668228637
72.728728728728726	241.01037951619287
72.826826826826832	240.53569727279765
72.924924924924923	240.06224514418327
73.023023023023015	239.59081828148217
73.121121121121121	239.12217162368995
73.219219219219212	238.65473458465118
73.317317317317318	238.1885024799117
73.41541541541541	237.72347064920984
73.513513513513516	237.25963445631947
73.611611611611607	236.79698928889565
73.709709709709699	236.33553055832047
73.807807807807805	235.87525369955046
73.905905905905911	235.4161541709656
74.004004004004003	234.95822745421884
74.102102102102094	234.50146905408656
74.2002002002002	234.04634144323865
74.298298298298306	233.59367143080033
74.396396396396398	233.14215186184612
74.494494494494489	232.69177834956281
74.592592592592595	232.24254652944325
74.690690690690701	231.79445205914539
74.788788788788793	231.34749061835106
74.886886886886884	230.90165790862631
74.984984984984976	230.45694965328309
75.083083083083082	230.01336159724153
75.181181181181188	229.57088950689371
75.27927927927928	229.12952916996787
75.377377377377371	228.68927639539436
75.475475475475477	228.25278153080362
75.573573573573569	227.8175075412743
75.671671671671675	227.38332156172771
75.769769769769766	226.95021951182812
75.867867867867872	226.51819733164496
75.965965965965964	226.08725098152627
76.064064064064056	225.65737644197139
76.162162162162161	225.22856971350538
76.260260260260267	224.8008268165548
76.358358358358359	224.37414379132323
76.456456456456451	223.94851669766908
76.554554554554556	223.52394161498285
76.652652652652662	223.10108704914759
76.750750750750754	222.68023962008814
76.848848848848846	222.260428491265
76.946946946946937	221.84164983414038
77.045045045045043	221.42389983903757
77.143143143143149	221.0071747150248
77.241241241241241	220.59147068980016
77.339339339339332	220.17678400957672
77.437437437437438	219.76311093896936
77.53553553553553	219.35044776088188
77.633633633633636	218.93879077639474
77.731731731731728	218.52813630465479
77.829829829829833	218.11848068276387
77.927927927927925	217.71154219684001
78.026026026026017	217.30657128520886
78.124124124124123	216.90258167334156
78.222222222222229	216.49956979377458
78.32032032032032	216.09753209633848
78.418418418418412	215.69646504805326
78.516516516516518	215.29636513302412
78.614614614614624	214.89722885233854
78.712712712712715	214.49905272396342
78.810810810810807	214.10183328264336
78.908908908908899	213.70556707979966
79.007007007007005	213.31025068342993
79.10510510510511	212.91588067800868
79.203203203203202	212.52342623208364
79.301301301301294	212.13246499613396
79.3993993993994	211.74243632422304
79.497497497497491	211.35333687903619
79.595595595595597	210.96516333918379
79.693693693693689	210.57791239910722
79.791791791791795	210.19158076898373
79.889889889889886	209.80616517463321
79.987987987987978	209.42166235742508
80.086086086086084	209.03806907418613
80.18418418418419	208.65538209710866
80.282282282282281	208.27359821365977
80.380380380380373	207.89271422649071
80.478478478478479	207.51371101590797
80.576576576576585	207.13701199022276
80.674674674674677	206.76119763897282
80.772772772772768	206.38626484513281
80.87087087087086	206.01221050632191
80.96896896896898	205.6390315347175
81.067067067067072	205.26672485697026
81.165165165165163	204.8952874141188
81.263263263263255	204.52471616150567
81.361361361361361	204.15500806869372
81.459459459459467	203.78616011938334
81.557557557557558	203.4181693113299
81.65565565565565	203.05103265626133
81.753753753753756	202.68474717979771
81.851851851851848	202.32084222117317
81.949949949949954	201.95783910074684
82.048048048048045	201.59567460020759
82.146146146146151	201.23434581298019
82.244244244244243	200.87384984592282
82.342342342342334	200.51418381924836
82.44044044044044	200.15534486644813
82.538538538538546	199.79733013421492
82.636636636636638	199.4401367823672
82.734734734734729	199.0837619837734
82.832832832832821	198.72820292427735
82.930930930930941	198.37345680262334
83.029029029029033	198.01952083038293
83.127127127127125	197.66716506475089
83.225225225225216	197.31746360515604
83.323323323323322	196.96855794197381
83.421421421421428	196.62044535836895
83.51951951951952	196.2731231498741
83.617617617617611	195.92658862431892
83.715715715715717	195.5808391017606
83.813813813813809	195.23587191441453
83.911911911911915	194.891684406585
84.010010010010006	194.54827393459695
84.108108108108112	194.20563786672798
84.206206206206204	193.86377358314064
84.304304304304296	193.52267847581547
84.402402402402402	193.18234994848433
84.500500500500507	192.84345292791102
84.598598598598599	192.50628016344248
84.696696696696691	192.16986256983955
84.794794794794782	191.83419760969986
84.892892892892903	191.49928275698952
84.990990990990994	191.16511549697933
85.089089089089086	190.83169332618112
85.187187187187178	190.49901375228544
85.285285285285283	190.16707429409897
85.383383383383389	189.83587248148257
85.481481481481481	189.50540585528987
85.579579579579573	189.17567196730568
85.677677677677679	188.84666838018575
85.77577577577577	188.5183926673962
85.873873873873876	188.19154361242795
85.971971971971968	187.86698959972719
86.070070070070074	187.5431511506151
86.168168168168165	187.22002589832246
86.266266266266257	186.89761148651806
86.364364364364363	186.57590556925103
86.462462462462469	186.2549058108942
86.56056056056056	185.93460988608678
86.658658658658652	185.61501547967825
86.756756756756758	185.29612028667214
86.854854854854864	184.97792201217064
86.952952952952955	184.66041837131891
87.051051051051047	184.3436070892505
87.149149149149139	184.02748590103252
87.247247247247259	183.71205255161158
87.345345345345351	183.39907477427161
87.443443443443442	183.0867869208399
87.541541541541534	182.77517631122279
87.63963963963964	182.46424074210634
87.737737737737746	182.15397801973435
87.835835835835837	181.84438595985679
87.933933933933929	181.535462387678
88.032032032032035	181.22720513780575
88.130130130130127	180.91961205420066
88.228228228228232	180.61268099012503
88.326326326326324	180.30640980809335
88.42442442442443	180.00079637982211
88.522522522522522	179.69583858618034
88.620620620620613	179.39153431714053
88.718718718718719	179.08860569612244
88.816816816816825	178.7871431963508
88.914914914914917	178.48632460057459
89.013013013013008	178.1861478455734
89.1111111111111	177.88661087694186
89.209209209209206	177.58771164904235
89.307307307307312	177.28944812495843
89.405405405405403	176.99181827644838
89.503503503503495	176.69482008389883
89.601601601601601	176.39845153627886
89.699699699699707	176.10271063109477
89.797797797797799	175.80759537434432
89.89589589589589	175.51310378047214
89.993993993993996	175.21923387232459
90.092092092092088	174.92598368110578
90.190190190190194	174.63494031205067
90.288288288288285	174.3450807970201
90.386386386386391	174.05583055850673
90.484484484484483	173.76718767530511
90.582582582582575	173.47915023428703
90.68068068068068	173.19171633035955
90.778778778778786	172.90488406642271
90.876876876876878	172.61865155332748
90.97497497497497	172.33301690983419
91.073073073073061	172.04797826257106
91.171171171171181	171.7635337459931
91.269269269269273	171.47968150234163
91.367367367367365	171.19641968160289
91.465465465465456	170.91374644146833
91.563563563563562	170.63165994729414
91.661661661661668	170.35156534398729
91.75975975975976	170.07241476684146
91.857857857857852	169.7938417707357
91.955955955955957	169.5158445629371
92.054054054054049	169.23842135813214
92.152152152152155	168.96157037838807
92.250250250250247	168.68528985311494
92.348348348348352	168.40957801902775
92.446446446446444	168.13443312010861
92.544544544544536	167.85985340756929
92.642642642642642	167.58583713981412
92.740740740740748	167.31238258240313
92.838838838838839	167.03948800801516
92.936936936936931	166.76715169641108
93.035035035035023	166.49537193439812
93.133133133133128	166.22488188862945
93.231231231231234	165.95534182858916
93.329329329329326	165.68635088738006
93.427427427427418	165.41790738684298
93.525525525525524	165.15000965565687
93.623623623623629	164.88265602930417
93.721721721721721	164.61584485003596
93.819819819819813	164.34957446683768
93.917917917917919	164.08384323539474
94.016016016016025	163.81864951805892
94.114114114114116	163.55399168381422
94.212212212212208	163.2898681082435
94.310310310310314	163.02627717349495
94.408408408408405	162.76321726824909
94.506506506506511	162.50068678768574
94.604604604604603	162.2395156711307
94.702702702702709	161.98081828655657
94.800800800800801	161.72263990594922
94.898898898898892	161.46497896734718
94.996996996996998	161.20783391505645
95.095095095095104	160.95120319961956
95.193193193193196	160.69508527778387
95.291291291291287	160.43947861247085
95.389389389389379	160.18438167274496
95.487487487487485	159.92979293378292
95.585585585585591	159.67571087684357
95.683683683683682	159.42213398923727
95.781781781781774	159.16906076429575
95.87987987987988	158.91648970134221
95.977977977977986	158.66441930566154
96.076076076076077	158.41284808847087
96.174174174174169	158.16247711003689
96.272272272272275	157.91283755496391
96.370370370370367	157.66369087572008
96.468468468468473	157.41503561255621
96.566566566566564	157.16687031148771
96.66466466466467	156.91919352426567
96.762762762762762	156.67200380834919
96.860860860860853	156.42529972687655
96.958958958958959	156.1790798486378
97.057057057057051	155.93334274804687
97.155155155155157	155.68808700511363
97.253253253253249	155.44331120541693
97.35135135135134	155.19901394007695
97.449449449449446	154.95519380572816
97.547547547547552	154.71184940449223
97.645645645645644	154.46897934395164
97.743743743743735	154.22874029110426
97.841841841841841	153.98897480428505
97.939939939939947	153.74967527487965
98.038038038038039	153.51084034451347
98.13613613613613	153.27246866009168
98.234234234234236	153.03455887377376
98.332332332332328	152.79710964294804
98.430430430430434	152.560119630206
98.528528528528525	152.32358750331764
98.626626626626631	152.0875119352057
98.724724724724723	151.85189160392144
98.822822822822815	151.61672519261944
98.920920920920921	151.38201138953312
99.019019019019026	151.14774888795017
99.117117117117118	150.91393638618842
99.21521521521521	150.68057258757136
99.313313313313316	150.4476562004042
99.411411411411407	150.21518593795014
99.509509509509513	149.98316051840612
99.607607607607605	149.75157866487979
99.705705705705697	149.52043910536528
99.803803803803802	149.28974057272063
99.901901901901908	149.05948180464378
100	148.82966154364996
