Mw	Div
2	0.00010341608024800261
2	0.00010341608024800261
2.6923076923076934	0.00013907670609710832
3.0845738719138041	0.00017211817995914955
4.0769230769230766	0.00021178481519824904
4.7033233098551364	0.00025882063120804519
5.4615384615384635	0.00028593616596129021
6.3031393786091101	0.00034276391159765028
6.8461538461538467	0.00035952070543695164
7.8838714966186032	0.00042269407742503724
8.2307692307692299	0.00043137808674401573
9.4453648052742452	0.0004971702964889777
9.6153846153846168	0.0005003083038197713
10.987459956324486	0.00056507363344706393
11	0.00056521332689335273
12.384615384615387	0.000621489124789578
12.509992883998159	0.00063020264440554461
13.76923076923077	0.00067124767087528992
14.012794560385835	0.00068616651353823135
15.153846153846153	0.0007138419912340046
15.495690732453049	0.00073193667041603636
16.53846153846154	0.00074871974544519148
16.95850163885995	0.00076755068781785105
17.923076923076923	0.00077527333269856243
18.401041704534258	0.00079288656575118887
19.307692307692307	0.00079313486913998722
19.82311921068186	0.00080819426934818648
20.692307692307693	0.00080218466898085265
21.224535937616658	0.00081394022154716731
22.076923076923077	0.00080250928262859584
22.605086777439922	0.00081073984955638649
23.46153846153846	0.00079427931214364888
23.964559313191124	0.00079916153497422535
24.846153846153847	0.00077781159240893397
25.302733360615498	0.00077988942414583204
26.23076923076923	0.00075354966825153847
26.619380468135024	0.00075360623238045904
27.615384615384617	0.00072247247699739584
27.914263369952256	0.0007215304988603691
29	0.00068553118984357995
29.187135386440097	0.00068448458698970138
30.384615384615383	0.00064361542031422748
30.437739765048978	0.00064323223676850648
31.665808953864076	0.00060065144724065771
31.76923076923077	0.00059422693215090703
32.871063798628342	0.00055707452273021812
33.153846153846153	0.00054041778611137918
34.05321265246041	0.00051194867487375586
34.53846153846154	0.00048548344819308382
35.211950385574411	0.0004661616181640514
35.92307692307692	0.00043094771035746859
36.346957279965636	0.00042029530712076486
37.307692307692307	0.00037804692767547565
37.457897791152675	0.00037487846813682421
38.544419155517886	0.00033215331674233653
38.692307692307693	0.00032366888794337919
39.606149817374195	0.00029264072750334987
40.07692307692308	0.000270007027944653
40.642697644353291	0.00025477988817646581
41.46153846153846	0.00022267406928923748
41.653647892716528	0.0002187995827732464
42.638560875269988	0.00018650739141705505
42.846153846153847	0.00017729375125187746
43.596969273078201	0.00015802298706874988
44.230769230769226	0.00013678279043391985
44.528375017221677	0.00013159177100156817
45.432245647164962	0.00010821417292736705
45.615384615384613	0.00010194013002215337
46.308010026073887	8.8736375216142701e-05
47	7.2634687180469791e-05
47.15505325798128	7.0941834009449878e-05
47.97271060309118	5.654230614365884e-05
48.384615384615387	4.8050096861165318e-05
48.760260119717763	4.4301133468394914e-05
49.516913665039255	3.3947281224284994e-05
49.769230769230774	2.9745618831041071e-05
50.241805747142514	2.5839538275097581e-05
50.933979513398242	1.89878900277692e-05
51.153846153846153	1.6433806122888182e-05
51.592368843902072	1.3410232772949975e-05
52.215775021451009	9.1714834702857929e-06
52.538461538461533	7.1599726120483463e-06
52.802835639568229	5.249751366491524e-06
53.351982034678862	2.4333939604600291e-06
53.861379073698913	1.1002649038241253e-06
53.92307692307692	9.9116257906121383e-07
54.328836472947856	6.12230538204594e-07
54.751671301165054	3.7661227546587996e-07
55.126479836722503	2.3641732534325664e-07
55.448721626464895	1.4090930411051157e-07
55.711845808583931	7.1750015958899641e-08
55.904944566226028	2.3466730507851403e-08
56	0
56	0
56.095055433773972	0
56.288154191416069	0
56.551278373535105	0
56.873520163277497	0
57.248328698834946	0
57.671163527052144	0
58.138620926301087	0
58.648017965321138	0
59.197164360431771	0
59.784224978548991	0
60.407631156097928	0
61.066020486601758	0
61.758194252857486	0
62.483086334960745	0
63.239739880282237	0
64.027289396908827	0
64.84494674201872	0
65.691989973926113	0
66.567754352835038	0
67.471624982778323	0
68.403030726921799	0
69.361439124730012	0
70.346352107283479	0
71.357302355646709	0
72.393850182625812	0
73.455580844482114	0
74.542102208847325	0
75.653042720034364	0
76.788049614425589	0
77.946787347539583	0
79.128936201371658	0
80.334191046135928	0
81.562260234951026	0
82.812864613559896	0
84.085736630047748	0
85.38061953186498	0
86.697266639384509	0
88.035440686808869	0
89.394913222560078	0
90.77546406238335	0
92.176880789318147	0
93.598958295465735	0
95.041498361140043	0
96.504309267546944	0
97.987205439614172	0
100	0
100	0

