Mw	Div
2	7.5664690477622736e-05
2	7.5664690477622736e-05
2.2820512820512828	8.3462475775754292e-05
2.8461538461538467	0.00010380412989622825
3.3683919925796211	0.00012802004767832552
3.4102564102564106	0.00012840160859234023
3.9743589743589745	0.00014549033111571212
4.4576914109610115	0.00016612967104028716
4.5384615384615383	0.0001665977467839598
5.1025641025641022	0.00018137552040836799
5.5246820807104342	0.00019833438598277552
5.666666666666667	0.00019854076097727168
6.2307692307692308	0.00021066044292086935
6.5690485651263764	0.00022316028528238983
6.7948717948717947	0.00022247976979453479
7.3589743589743595	0.00023196762389525287
7.5904592402420548	0.00023972411293387939
7.9230769230769234	0.00023734331609119087
8.4871794871794872	0.00024443833774656892
8.5885648161515089	0.00024749269111547294
9.0512820512820511	0.00024289086170061383
9.5629966593421507	0.00024784424780272798
9.615384615384615	0.0002460507158441679
10.179487179487179	0.00023976950816275371
10.513364879936079	0.00024248042321450979
10.743589743589745	0.00023479828145513224
11.307692307692308	0.00022907404439165087
11.439256139357262	0.00023008267501319277
11.871794871794872	0.0002168838974057546
12.340231123143017	0.00021310094001393743
12.435897435897436	0.00020841714526019658
13	0.00019451098183053005
13.215821609564806	0.00019337176663530679
13.564102564102564	0.00017925426476923627
14.065527046224112	0.0001707097852991871
14.128205128205128	0.00016729956754982657
14.692307692307692	0.00015025143827568612
14.888810522132788	0.0001480919797900774
15.256410256410255	0.00013306536203718802
15.685093989471842	0.00012507630239680696
15.820512820512821	0.00011842399540527787
16.384615384615383	0.00010385605953560029
16.453752543526075	0.00010314208551285694
16.948717948717949	8.6823107171012562e-05
17.194107505560858	8.331989034503234e-05
17.512820512820511	7.1899159037199761e-05
17.905417962863304	6.5310087227319507e-05
18.076923076923077	5.8900078910910841e-05
18.586870288837286	4.9654421707621645e-05
18.641025641025642	4.7608062874466608e-05
19.205128205128204	3.6945633440068403e-05
19.237564971036818	3.6714972388616982e-05
19.76923076923077	2.6938047887391506e-05
19.856499777672461	2.6367753483000758e-05
20.333333333333332	1.8828249846538373e-05
20.442547825658664	1.8243470760573008e-05
20.897435897435898	1.2490264361548803e-05
20.994428351850864	1.2113639340050242e-05
21.46153846153846	7.7741430986544711e-06
21.510666696133207	7.6516252895006942e-06
21.989537697285936	4.5796918208514527e-06
22.025641025641026	4.1977048286495174e-06
22.428982326185285	2.507127814203063e-06
22.589743589743591	1.7350497272017967e-06
22.826478428440094	9.3531487675809188e-07
23.153846153846153	3.1708252747484734e-07
23.178826253249337	2.9593386004191559e-07
23.481757437859365	1.1574434322695208e-07
23.72911368626087	5.0235211546780709e-08
23.910640841525279	1.5690946751286987e-08
24	0
24	0
24.089359158474721	0
24.27088631373913	0
24.518242562140635	0
24.821173746750663	0
25.173521571559906	0
25.571017673814715	0
26.010462302714064	0
26.489333303866793	0
27.005571648149136	0
27.557452174341336	0
28.143500222327539	0
28.762435028963182	0
29.413129711162714	0
30.094582037136696	0
30.805892494439142	0
31.546247456473925	0
32.314906010528162	0
33.111189477867214	0
33.934472953775888	0
34.784178390435194	0
35.659768876856987	0
36.560743860642738	0
37.486635120063923	0
38.437003340657853	0
39.411435183848489	0
40.409540759757945	0
41.43095143487362	0
42.475317919289566	0
43.542308589038988	0
44.631608007420382	0
45.742915615794274	0
46.875944569528954	0
48.030420698923102	0
49.206081578268822	0
50.40267568892056	0
51.619961664437113	0
52.857707607671585	0
54.115690471175199	0
55.39369549351926	0
56.691515685172128	0
58.008951358434906	0
59.34580969666893	0
60.70190435866634	0
62.077055114539952	0
63.47108750995681	0
64.883832555923675	0
66.31512644166294	0
67.76481026840213	0
69.232729802146764	0
70.718735243720758	0
72.22268101454469	0
73.744425556785487	0
75.283831146654023	0
76.840763719752289	0
78.415092707482387	0
80.006690883627243	0
81.615434220299278	0
83.241201752529662	0
84.883875450839042	0
86.543340101191305	0
88.219483191786097	0
89.912194806194023	0
91.621367522382315	0
93.346896317217258	0
95.088678476065013	0
96.846613507144255	0
98.620603060311794	0
100	0
100	0

