Mw	P
2	1.2298028682338561e-11
2.0980980980980979	1.3565047996878722e-11
2.1961961961961962	1.4794283520033683e-11
2.2942942942942941	1.5989633958739388e-11
2.3923923923923924	1.7154375946839787e-11
2.4904904904904903	1.8291286143455586e-11
2.5885885885885886	1.9402735581049232e-11
2.6866866866866865	2.0490763355427624e-11
2.7847847847847849	2.1557134751264636e-11
2.8828828828828827	2.2603387510154649e-11
2.9809809809809811	2.3631362873879632e-11
3.079079079079079	2.4644066700578862e-11
3.1771771771771773	2.5693677931819797e-11
3.2752752752752752	2.7231096254032021e-11
3.3733733733733731	2.9273410652173697e-11
3.4714714714714714	3.1401489998887374e-11
3.5695695695695697	3.3560988346522864e-11
3.6676676676676676	3.5723469753913025e-11
3.7657657657657655	3.7849606948851762e-11
3.8638638638638643	3.9941225236547078e-11
3.9619619619619622	4.1999985696928328e-11
4.06006006006006	4.4027404649764475e-11
4.1581581581581579	4.6993452659730906e-11
4.2562562562562558	5.0708896388426362e-11
4.3543543543543546	5.4365214894849401e-11
4.4524524524524525	5.7964918873079419e-11
4.5505505505505504	6.1697129907972048e-11
4.6486486486486491	6.5386432249793244e-11
4.7467467467467461	6.9163104993122251e-11
4.8448448448448449	7.2990740245776594e-11
4.9429429429429428	7.6766441511541575e-11
5.0410410410410407	8.3422893488924751e-11
5.1391391391391394	9.0504149830214112e-11
5.2372372372372364	9.7486685975201672e-11
5.3353353353353352	1.0437384212722479e-10
5.433433433433434	1.1116875369446483e-10
5.531531531531531	1.1789745798591081e-10
5.6296296296296298	1.2484512677563618e-10
5.7277277277277285	1.3170503411079006e-10
5.8258258258258255	1.4122412602881103e-10
5.9239239239239243	1.5500193093327772e-10
6.0220220220220222	1.6863785953227329e-10
6.1201201201201201	1.821025848693786e-10
6.218218218218218	1.9540090391205384e-10
6.3163163163163158	2.0855614491515988e-10
6.4144144144144146	2.2165084009168764e-10
6.5125125125125125	2.3459130226055885e-10
6.6106106106106104	2.5039715059438439e-10
6.7087087087087083	2.7790963250012841e-10
6.8068068068068062	3.0509726692179149e-10
6.9049049049049049	3.3196815505203896e-10
7.0030030030030028	3.5865917988399903e-10
7.1011011011011007	3.8532383948399027e-10
7.1991991991991986	4.1169038469864229e-10
7.2972972972972974	4.3776569458870924e-10
7.3953953953953953	4.7106094698751835e-10
7.4934934934934931	5.2701990450030288e-10
7.591591591591591	5.8237262094346733e-10
7.6896896896896889	6.3808242270394616e-10
7.7877877877877877	6.9319266499712621e-10
7.8858858858858856	7.4772109829627255e-10
7.9839839839839835	8.0182675005519022e-10
8.0820820820820813	8.5536896220046011e-10
8.1801801801801801	9.4666855140970845e-10
8.2782782782782789	1.0667464690241267e-09
8.3763763763763777	1.1855822078927372e-09
8.4744744744744729	1.3032004855891327e-09
8.5725725725725717	1.419625176668836e-09
8.6706706706706704	1.5363062134804082e-09
8.7687687687687692	1.6521039800797614e-09
8.866866866866868	1.787991862567507e-09
8.9649649649649632	2.0557839312195393e-09
9.063063063063062	2.3209360812465475e-09
9.1611611611611607	2.5834968535661814e-09
9.2592592592592595	2.8445298277315818e-09
9.3573573573573583	3.1031519101853435e-09
9.4554554554554571	3.3593324411288558e-09
9.5535535535535523	3.6132854335867244e-09
9.6516516516516511	4.2337647236132052e-09
9.7497497497497498	4.8525680900180378e-09
9.8478478478478486	5.4655944503735404e-09
9.9459459459459474	6.0729415580423855e-09
10.044044044044044	6.6747044353836535e-09
10.142142142142141	7.2709754856646654e-09
10.24024024024024	7.9764480896287767e-09
10.338338338338339	9.4933987100255737e-09
10.436436436436436	1.0996674490013463e-08
10.534534534534535	1.2487702227471259e-08
10.632632632632632	1.3969851146569518e-08
10.73073073073073	1.5438926142216037e-08
10.828828828828829	1.6895130614631361e-08
10.926926926926926	1.9691473094028465e-08
11.025025025025025	2.3593426912956011e-08
11.123123123123122	2.7461800036455071e-08
11.221221221221221	3.1296918243918747e-08
11.31931931931932	3.5100736260590996e-08
11.417417417417417	3.8874041786714247e-08
11.515515515515515	4.4484959663512302e-08
11.613613613613612	5.5270675784915764e-08
11.711711711711711	6.5966059682740106e-08
11.80980980980981	7.6572414997484116e-08
11.907907907907907	8.7091015614543245e-08
12.006006006006006	9.7523106650579689e-08
12.104104104104103	1.1416278761293763e-07
12.202202202202201	1.4624575919007533e-07
12.3003003003003	1.7806873465257305e-07
12.398398398398397	2.0965174340642777e-07
12.496496496496496	2.4098934095908183e-07
12.594594594594595	2.720772263590069e-07
12.692692692692692	3.4965798380027648e-07
12.790790790790791	4.5406032011611766e-07
12.888888888888888	5.5764029340655179e-07
12.986986986986986	6.6040881330966747e-07
13.085085085085085	7.6237656574378991e-07
13.183183183183182	9.4855735230640792e-07
13.281281281281281	1.3296192288624267e-06
13.379379379379378	1.707772230317858e-06
13.477477477477477	2.0830320486948537e-06
13.575575575575575	2.4554351879067798e-06
13.673673673673672	3.2128893948603162e-06
13.771771771771771	4.79476654742898e-06
13.86986986986987	6.3647539951874032e-06
13.967967967967967	7.922999987272312e-06
14.066066066066066	9.4696506803269394e-06
14.164164164164164	1.5285851817655651e-05
14.262262262262263	2.2934155888858467e-05
14.360360360360358	3.0526270707993991e-05
14.458458458458457	3.8062860392253465e-05
14.556556556556556	6.2106946733194354e-05
14.654654654654655	0.00010596375601360331
14.752752752752754	0.00014950379205171837
14.850850850850849	0.0001927308070414721
14.948948948948948	0.0003826192407142529
15.047047047047046	0.0006628938509047269
15.145145145145145	0.00094117826414560327
15.243243243243244	0.0014659159610712063
15.341341341341339	0.0029000262975365531
15.439439439439438	0.0043240787044272486
15.537537537537537	0.0060257693133958451
15.635635635635635	0.0084213479324762967
15.733733733733734	0.010800338408285854
15.831831831831833	0.012079243903133781
15.929929929929928	0.013096881212041327
16.028028028028025	0.013177752076475237
16.126126126126124	0.012483043042971077
16.224224224224223	0.011300295148146396
16.322322322322321	0.0093856638021445424
16.42042042042042	0.0071217200368897619
16.518518518518519	0.005100721955159023
16.616616616616618	0.0036693596960980963
16.714714714714717	0.0022475411643773169
16.812812812812815	0.0012266071684361396
16.910910910910914	0.00091165313912940625
17.009009009009006	0.00059877531844108878
17.107107107107105	0.00028795186637936598
17.205205205205203	0.00022131598563923522
17.303303303303302	0.00016606922610297147
17.401401401401401	0.00011118124553917523
17.4994994994995	6.1819541454620789e-05
17.597597597597598	5.0871420973740941e-05
17.695695695695697	3.9993645528155399e-05
17.793793793793796	2.9185493729526693e-05
17.891891891891895	1.8446296781213485e-05
17.989989989989986	1.4890067500229286e-05
18.088088088088089	1.2352929193460298e-05
18.186186186186188	9.8318091131948582e-06
18.284284284284283	7.3265464397658911e-06
18.382382382382382	5.2909042265100658e-06
18.48048048048048	4.5983720379842785e-06
18.578578578578579	3.9101583929070843e-06
18.676676676676678	3.2363787173734588e-06
18.774774774774773	2.5680176592238852e-06
18.872872872872872	2.0283146341542985e-06
18.970970970970971	1.8269902421267003e-06
19.069069069069069	1.6269176925331868e-06
19.167167167167168	1.4280847424815929e-06
19.265265265265263	1.2391323569947658e-06
19.363363363363362	1.0732878084398096e-06
19.461461461461461	1.0362115666115823e-06
19.55955955955956	1.0075738858593138e-06
19.657657657657658	9.7982391046986023e-07
19.755755755755754	9.5229065965846655e-07
19.853853853853852	9.2497243595909773e-07
19.951951951951951	9.9919307745235803e-07
20.05005005005005	1.1076770639786819e-06
20.148148148148149	1.215660488554316e-06
20.246246246246244	1.3231470852354998e-06
20.344344344344343	1.4309591221437426e-06
20.442442442442442	1.5397101046580481e-06
20.54054054054054	1.9474699654403578e-06
20.638638638638639	2.3649429201242778e-06
20.736736736736734	2.7804185771796257e-06
20.834834834834833	3.1939124705806091e-06
20.932932932932932	3.6054399525168289e-06
21.031031031031031	4.4086501837290955e-06
21.129129129129129	5.8714548216009308e-06
21.227227227227225	7.3353839714082763e-06
21.325325325325323	8.7923887184453189e-06
21.423423423423422	1.0242519154659327e-05
21.521521521521521	1.214956240844592e-05
21.61961961961962	1.7766056577551569e-05
21.717717717717715	2.3356228349876749e-05
21.815815815815814	2.892503548722725e-05
21.913913913913913	3.4478381851768898e-05
22.012012012012011	4.4209827579657957e-05
22.11011011011011	6.8009041626623893e-05
22.208208208208205	9.1698173180241322e-05
22.306306306306304	0.00011527804084056067
22.404404404404403	0.00013874945420562301
22.502502502502502	0.00022455309532256953
22.6006006006006	0.0003308134497486493
22.698698698698696	0.00043658872708263321
22.796796796796794	0.00054188247193574627
22.894894894894893	0.00086317285049440249
22.992992992992992	0.0012767098055731319
23.091091091091091	0.0016883783271073362
23.189189189189189	0.0021439177104912387
23.287287287287285	0.0029833915640790883
23.385385385385383	0.0038191017479393637
23.483483483483482	0.0046474175655109654
23.581581581581581	0.0052682754664525227
23.67967967967968	0.0058863728477410579
23.777777777777775	0.0063307474511014577
23.875875875875874	0.0066001011878335271
23.973973973973973	0.0067308060164448227
24.072072072072071	0.0066842144023828371
24.17017017017017	0.006431820570432894
24.268268268268265	0.0061443656969872298
24.366366366366364	0.005550110824447365
24.464464464464463	0.0049507513607103719
24.562562562562562	0.0042636185826775107
24.66066066066066	0.0034699603611260264
24.758758758758756	0.0026797431186015076
24.856856856856854	0.0020257572514431298
24.954954954954953	0.0016069098493473647
25.053053053053052	0.0011920710828087289
25.151151151151151	0.00077901419269064129
25.24924924924925	0.00059593643213691028
25.347347347347345	0.00048091248923073189
25.445445445445444	0.00036638002082723037
25.543543543543542	0.00026064834901642626
25.641641641641641	0.00022043787385674665
25.73973973973974	0.00020496802488983399
25.837837837837835	0.00018956759576294383
25.935935935935934	0.00017423610260390747
26.034034034034033	0.00019774701067743663
26.132132132132131	0.00024328316612255482
26.23023023023023	0.00028864434902239623
26.328328328328329	0.00033383166574271425
26.426426426426424	0.00042051277092955322
26.524524524524526	0.00061477197684512276
26.622622622622622	0.00081166221764351432
26.720720720720717	0.0010077952049139392
26.818818818818819	0.0012593244089654594
26.916916916916914	0.0018229350252278623
27.015015015015017	0.0023845297509681143
27.113113113113112	0.0029452865716624575
27.211211211211207	0.0036047472762553148
27.30930930930931	0.0043660334137896155
27.407407407407405	0.0051244334311174701
27.505505505505507	0.0057852970776351544
27.603603603603602	0.006263382468251962
27.701701701701698	0.0067399011557913316
27.7997997997998	0.0070075875734671045
27.897897897897895	0.0072138063265085178
27.995995995995997	0.0072725897018632614
28.094094094094093	0.00720467436135604
28.192192192192188	0.0069772873078545166
28.29029029029029	0.0067148263282977893
28.388388388388385	0.0062410104871036837
28.486486486486488	0.0057689537592310386
28.584584584584583	0.005154613983666268
28.682682682682678	0.0044361728033519851
28.780780780780781	0.0037203908984692583
28.878878878878876	0.0030744159129291759
28.976976976976978	0.0025205996077373315
29.075075075075073	0.0019688125894342422
29.173173173173176	0.0014190431482478975
29.271271271271271	0.0011274817110650843
29.369369369369366	0.00091487439373855216
29.467467467467468	0.00070305188800880321
29.565565565565564	0.00049200736712708788
29.663663663663666	0.00037587897727644679
29.761761761761761	0.00031381372611577832
29.859859859859856	0.00025197229134268901
29.957957957957959	0.00019035340429699401
30.056056056056054	0.00013204204813012808
30.154154154154156	0.0001143265804529353
30.252252252252251	9.6678135831090135e-05
30.350350350350347	7.9092713162177107e-05
30.448448448448449	6.1569964490861722e-05
30.546546546546544	4.52596396543465e-05
30.644644644644647	3.9879242550685566e-05
30.742742742742742	3.4517916502693069e-05
30.840840840840837	2.9177048856316283e-05
30.938938938938939	2.3857730690605175e-05
31.037037037037035	1.8557151137642829e-05
31.135135135135137	1.5832242435818867e-05
31.233233233233232	1.4051933152769794e-05
31.331331331331327	1.2277861753491585e-05
31.42942942942943	1.0509994073703894e-05
31.527527527527525	8.7482962149832094e-06
31.625625625625627	6.9943585884762252e-06
31.723723723723722	6.345109938328868e-06
31.821821821821825	5.7003751490560855e-06
31.91991991991992	5.0578743317579171e-06
32.018018018018012	4.4175954075832701e-06
32.116116116116117	3.7795263902225657e-06
32.214214214214209	3.1436553849462032e-06
32.312312312312315	2.8535516982303591e-06
32.410410410410407	2.5997395023130251e-06
32.508508508508505	2.3468237234445063e-06
32.606606606606604	2.094775230734718e-06
32.704704704704703	1.843587320046494e-06
32.802802802802802	1.5932554164414637e-06
32.900900900900901	1.4112108575898738e-06
32.998998998998999	1.3032123164730493e-06
33.097097097097098	1.1955802917271786e-06
33.195195195195197	1.0887626404713661e-06
33.293293293293296	9.823813525073645e-07
33.391391391391394	8.7635894151140018e-07
33.489489489489486	7.7069352617008793e-07
33.587587587587592	7.0588846494538328e-07
33.685685685685684	6.5719446527753857e-07
33.78378378378379	6.0866384153124679e-07
33.881881881881881	5.6029574295314031e-07
33.979979979979973	5.1222143390546284e-07
34.078078078078079	4.6450081041921321e-07
34.176176176176178	4.1705943522831717e-07
34.274274274274276	3.8516238406022061e-07
34.372372372372375	3.6209874202701038e-07
34.470470470470467	3.3911185226491698e-07
34.568568568568566	3.1620194800099136e-07
34.666666666666664	2.933683820010581e-07
34.764764764764763	2.7061181979265501e-07
34.862862862862862	2.480630501346557e-07
34.960960960960961	2.2832816675565837e-07
35.059059059059059	2.1688596436676866e-07
35.157157157157158	2.0548160705636392e-07
35.255255255255257	1.9422690666434397e-07
35.353353353353356	1.8315096469848481e-07
35.451451451451454	1.7211171115019634e-07
35.549549549549546	1.6110903646459089e-07
35.647647647647645	1.5014330640755244e-07
35.745745745745744	1.4219528781671033e-07
35.843843843843842	1.3660498997682411e-07
35.941941941941941	1.3103338195646705e-07
36.04004004004004	1.2548932372180069e-07
36.138138138138139	1.1996377599223026e-07
36.236236236236238	1.1445661463008389e-07
36.334334334334336	1.0896774647114104e-07
36.432432432432435	1.0384906780895339e-07
36.530530530530527	1.0028737267503635e-07
36.628628628628626	9.7901663630463557e-08
36.726726726726724	9.5541846062351942e-08
36.824824824824823	9.3190538836301591e-08
36.922922922922922	9.0847697129792533e-08
37.021021021021021	8.8513276437259201e-08
37.119119119119119	8.6187232567194117e-08
37.217217217217218	8.3883158187955183e-08
37.315315315315317	8.199063744421239e-08
37.413413413413416	8.1063345069325183e-08
37.511511511511507	8.0504584828582973e-08
37.609609609609606	8.0269167341294389e-08
37.707707707707705	8.0036221445272618e-08
37.805805805805804	7.9805772230331406e-08
37.903903903903903	7.9577600381668074e-08
38.002002002002001	7.9351690249631378e-08
38.1001001001001	7.9128026305634482e-08
38.198198198198199	7.9453428299593668e-08
38.296296296296298	7.997371958538734e-08
38.394394394394396	8.051117778171222e-08
38.492492492492488	8.106049329601287e-08
38.590590590590594	8.2120963476894104e-08
38.688688688688686	8.3744238940247284e-08
38.786786786786784	8.5365057728777849e-08
38.884884884884883	8.6983535745092903e-08
38.982982982982982	8.8599483463442209e-08
39.081081081081081	9.0590279794580325e-08
39.179179179179179	9.2612981806361834e-08
39.277277277277278	9.4631915514274313e-08
39.375375375375377	9.6647091417502875e-08
39.473473473473469	9.8690287044432094e-08
39.571571571571575	1.0074590630560624e-07
39.669669669669666	1.039490801322824e-07
39.767767767767765	1.077720289030683e-07
39.865865865865864	1.1158731023292338e-07
39.963963963963963	1.1558955005137183e-07
40.062062062062061	1.1962721693883444e-07
40.16016016016016	1.236565758613243e-07
40.258258258258259	1.2767765382974259e-07
40.356356356356358	1.3169047772306488e-07
40.454454454454449	1.3569912469261336e-07
40.552552552552555	1.3972563920207475e-07
40.650650650650647	1.4402213326130635e-07
40.748748748748746	1.5107201107520811e-07
40.846846846846844	1.581715959217235e-07
40.944944944944943	1.653331943913747e-07
41.043043043043042	1.724798339567154e-07
41.141141141141141	1.7961159585054429e-07
41.23923923923924	1.8672843844726188e-07
41.337337337337338	1.9383041130027619e-07
41.43543543543543	2.0091783191511729e-07
41.533533533533536	2.0799607088951845e-07
41.631631631631627	2.1509051957586856e-07
41.729729729729733	2.2625512567427538e-07
41.827827827827825	2.3863203346313446e-07
41.925925925925924	2.5099715168201399e-07
42.024024024024023	2.6333638030476454e-07
42.122122122122121	2.7564980540066156e-07
42.22022022022022	2.879375865576164e-07
42.318318318318319	3.001997756299784e-07
42.416416416416411	3.1243641645177374e-07
42.514514514514516	3.2464918474607455e-07
42.612612612612608	3.3683895598297963e-07
42.710710710710714	3.5580295230811005e-07
42.808808808808806	3.7725963732708943e-07
42.906906906906904	3.9867375242024371e-07
43.005005005005003	4.200433815308063e-07
43.103103103103102	4.4136867108499349e-07
43.201201201201201	4.6264976679814567e-07
43.2992992992993	4.8388681367974315e-07
43.397397397397391	5.0508001694557663e-07
43.495495495495497	5.2622948581434685e-07
43.593593593593589	5.47336762093078e-07
43.691691691691695	5.8429749848335468e-07
43.789789789789786	6.2202598560528864e-07
43.887887887887885	6.5968233266628816e-07
43.985985985985984	6.9726122921618943e-07
44.084084084084083	7.3476292703236325e-07
44.182182182182181	7.7218767669136509e-07
44.28028028028028	8.0953572757719127e-07
44.378378378378379	8.4680732788945806e-07
44.476476476476478	8.8400272465149958e-07
44.574574574574569	9.3540240395530695e-07
44.672672672672675	1.0027233370554074e-06
44.770770770770767	1.0702434362922344e-06
44.868868868868873	1.1377496974075085e-06
44.966966966966964	1.2051185912782708e-06
45.065065065065063	1.2723505586156171e-06
45.163163163163162	1.3394460380664865e-06
45.261261261261261	1.4064054662275337e-06
45.35935935935936	1.4732292776588399e-06
45.457457457457458	1.5546636684473512e-06
45.55555555555555	1.6785196852713305e-06
45.653653653653656	1.8021254983692799e-06
45.751751751751748	1.9260454201813937e-06
45.849849849849853	2.0499329064184362e-06
45.947947947947945	2.1735731545244037e-06
46.046046046046044	2.2969648187454303e-06
46.144144144144143	2.4201086849630516e-06
46.242242242242241	2.5430055354504368e-06
46.34034034034034	2.702400865758857e-06
46.438438438438439	2.9361499302020684e-06
46.536536536536531	3.1694313735628439e-06
46.634634634634637	3.4022466654494522e-06
46.732732732732728	3.6359661008681464e-06
46.830830830830834	3.8692269874509967e-06
46.928928928928926	4.1020338047716844e-06
47.027027027027025	4.3343780671309044e-06
47.125125125125123	4.5662607622075277e-06
47.223223223223222	4.9530149912894427e-06
47.321321321321321	5.4071285994638619e-06
47.41941941941942	5.8603425129481751e-06
47.517517517517511	6.3126595264751834e-06
47.615615615615617	6.7654187514009164e-06
47.713713713713709	7.2184713580840817e-06
47.811811811811815	7.6706305312744833e-06
47.909909909909906	8.1218990306635514e-06
48.008008008008012	8.7385225624907173e-06
48.106106106106104	9.6494101822047543e-06
48.204204204204203	1.0558508586165694e-05
48.302302302302301	1.1465823149118425e-05
48.4004004004004	1.2371359316832672e-05
48.498498498498499	1.3276757872538744e-05
48.596596596596598	1.4183505397929078e-05
48.694694694694689	1.5088481773999572e-05
48.792792792792795	1.6319570635589986e-05
48.890890890890887	1.8208411308147906e-05
48.988988988988993	2.0093572660640623e-05
49.087087087087085	2.19750687230002e-05
49.185185185185183	2.3852909688021852e-05
49.283283283283282	2.5727105180305911e-05
49.381381381381381	2.7601748484716828e-05
49.47947947947948	2.9477872787050615e-05
49.577577577577578	3.2703347088932704e-05
49.67567567567567	3.6756667372335778e-05
49.773773773773776	4.0802157857075989e-05
49.871871871871868	4.4839842146916603e-05
49.969969969969974	4.8869743743782445e-05
50.068068068068065	5.2891886048367447e-05
50.166166166166164	5.6906292541645544e-05
50.264264264264263	6.2075153928975812e-05
50.362362362362362	7.1095962187760941e-05
50.46046046046046	8.0099470498958499e-05
50.558558558558559	8.9085730508440216e-05
50.656656656656658	9.8054793552609454e-05
50.754754754754757	0.00010700671090634375
50.852852852852848	0.00011594153364706907
50.950950950950954	0.0001268999454260998
51.049049049049053	0.00014760257760394526
51.147147147147152	0.00016828359294359142
51.245245245245243	0.00018892527129374357
51.343343343343342	0.0002095277297850693
51.441441441441434	0.00023009108541159449
51.539539539539547	0.00025061545196407834
51.637637637637638	0.00028412814654298887
51.735735735735737	0.00033276595416544799
51.833833833833829	0.0003813535279256192
51.931931931931928	0.00042988738940917542
52.030030030030034	0.0004783296860811242
52.128128128128132	0.00052668068648527896
52.226226226226224	0.00058205674127905665
52.324324324324323	0.00069695007825624838
52.422422422422414	0.00081162749860153255
52.520520520520527	0.00092608963321408788
52.618618618618619	0.0010404825043037337
52.716716716716718	0.0011546901362180437
52.81481481481481	0.0012866639222296234
52.912912912912908	0.0015475284249914928
53.011011011011014	0.0018079056332518798
53.109109109109113	0.0020677969598337821
53.207207207207205	0.0023272038118513365
53.305305305305303	0.0025863111857753755
53.403403403403395	0.0029836044137480848
53.501501501501508	0.0035057250712798027
53.5995995995996	0.0040268762515948105
53.697697697697699	0.0045470607464295288
53.79579579579579	0.0050662813371245563
53.893893893893889	0.0056783417373969282
53.991991991991995	0.006478686730961347
54.090090090090094	0.0072780677506657484
54.188188188188185	0.0080759733929649021
54.286286286286284	0.008872407876809164
54.384384384384376	0.0096830981977523017
54.482482482482489	0.010504329517772484
54.58058058058058	0.011324051247196243
54.678678678678679	0.012143825983934561
54.776776776776771	0.012911166108691783
54.87487487487487	0.013527581067077375
54.972972972972975	0.014142867778861737
55.071071071071074	0.014757029438930539
55.169169169169166	0.015279466168844166
55.267267267267265	0.01568538983229999
55.365365365365356	0.016093395388085276
55.463463463463469	0.016474839416696353
55.561561561561561	0.016709731911286094
55.65965965965966	0.016944198316175382
55.757757757757751	0.017116617419497489
55.855855855855857	0.017223027247361748
55.953953953953956	0.017293626343680209
56.052052052052055	0.017294458517238445
56.150150150150147	0.017224607874120917
56.248248248248245	0.017119441800265093
56.346346346346351	0.016939336114960814
56.44444444444445	0.016721327720021321
56.542542542542542	0.016505879219773315
56.64064064064064	0.016145192015411931
56.738738738738732	0.015770932906598787
56.836836836836838	0.015397349192352697
56.934934934934937	0.014916522842022979
57.033033033033036	0.014371003952300405
57.131131131131127	0.01382646615039786
57.229229229229226	0.013282906711555456
57.327327327327332	0.012596501124159675
57.425425425425431	0.011874213108502795
57.523523523523522	0.011153045574055805
57.621621621621621	0.01043316770002633
57.719719719719713	0.0097158446049084805
57.817817817817819	0.0089938961143551273
57.915915915915917	0.0082691021701082803
58.014014014014016	0.0075455988168604072
58.112112112112108	0.0068233825102481877
58.210210210210207	0.0062622412542060754
58.308308308308312	0.005762614368110144
58.406406406406411	0.0052638737441450915
58.504504504504503	0.0047611889819665701
58.602602602602602	0.0042554685636670897
58.700700700700693	0.0038789922037441252
58.798798798798799	0.0036078349299862966
58.896896896896898	0.0033363330328064437
58.994994994994997	0.0030614709465895547
59.093093093093088	0.0027841288388471674
59.191191191191187	0.0025030702835786818
59.289289289289293	0.0023577756042972649
59.387387387387392	0.002215170726697812
59.485485485485484	0.0020728154502007794
59.583583583583582	0.0019278715129424221
59.681681681681674	0.0017778363084889439
59.77977977977978	0.0016280626420887348
59.877877877877879	0.0015446513818250988
59.975975975975977	0.0014556799586031002
60.074074074074069	0.0013668624533424434
60.172172172172168	0.0012781984556728952
60.270270270270274	0.0011870663291541426
60.368368368368373	0.0010887463979585925
60.466466466466464	0.0010095112890810909
60.564564564564563	0.00094302416598104509
60.662662662662655	0.00087665070144807744
60.76076076076076	0.00080734889441415173
60.858858858858859	0.00073805764139146357
60.956956956956958	0.00066888445823710875
61.05505505505505	0.0005998290351547917
61.153153153153148	0.00054542189467753858
61.251251251251254	0.00050050588032371425
61.349349349349353	0.00045566592702925561
61.447447447447445	0.00041090183658877376
61.545545545545544	0.00036621341126510091
61.643643643643649	0.00032212359724811539
61.741741741741741	0.0002911566564669447
61.83983983983984	0.00026545389385928918
61.937937937937939	0.00024084376083642782
62.03603603603603	0.00021627500743122164
62.134134134134136	0.00019174752662103137
62.232232232232235	0.00017152492964397472
62.330330330330334	0.0001563814589583129
62.428428428428425	0.00014126345172485235
62.526526526526524	0.00012745107471394019
62.62462462462463	0.00011527130906464259
62.722722722722722	0.00010311189660731603
62.820820820820821	9.3368630110227373e-05
62.918918918918919	8.6115127885002255e-05
63.017017017017011	7.8873762500531968e-05
63.115115115115117	7.1644502749225667e-05
63.213213213213216	6.4427317538113084e-05
63.311311311311314	5.8227903831305165e-05
63.409409409409406	5.2770652097773753e-05
63.507507507507505	4.925860548958319e-05
63.605605605605611	4.5752408412895542e-05
63.703703703703702	4.2252045886041767e-05
63.801801801801801	3.8757502998367813e-05
63.8998998998999	3.526876489211645e-05
63.997997997997992	3.1785816762176502e-05
64.09609609609609	2.9273659623092613e-05
64.194194194194196	2.7528318880987674e-05
64.292292292292302	2.5785869655082076e-05
64.390390390390394	2.4046304592450952e-05
64.488488488488485	2.2309616366098063e-05
64.586586586586591	2.0575797675452975e-05
64.684684684684683	1.884484124696145e-05
64.782782782782789	1.7324033923908705e-05
64.880880880880881	1.6206053758517227e-05
64.978978978978972	1.5309936148736125e-05
65.077077077077078	1.4415294077255806e-05
65.175175175175184	1.352212381660277e-05
65.273273273273276	1.2630421653141304e-05
65.371371371371367	1.1740183886209866e-05
65.469469469469459	1.0865942306209712e-05
65.567567567567579	1.0203223760564379e-05
65.665665665665671	9.5415950409975109e-06
65.763763763763762	9.0153284692380702e-06
65.861861861861854	8.5391310888146393e-06
65.959959959959946	8.0637123716066997e-06
66.058058058058066	7.589070366543426e-06
66.156156156156158	7.1152031306775512e-06
66.254254254254249	6.682739442527772e-06
66.352352352352355	6.3185943473331091e-06
66.450450450450447	5.9550443152400166e-06
66.548548548548553	5.5920878455652192e-06
66.646646646646644	5.3098812089371126e-06
66.74474474474475	5.047631419373043e-06
66.842842842842842	4.7858075258524041e-06
66.940940940940934	4.524408495968751e-06
67.039039039039039	4.2834259937874587e-06
67.137137137137131	4.0766006970754456e-06
67.235235235235237	3.8701112487695063e-06
67.333333333333329	3.663956814039652e-06
67.43143143143142	3.4581365609188398e-06
67.529529529529526	3.2856430408912517e-06
67.627627627627632	3.1363114846137411e-06
67.725725725725724	2.9872207573339218e-06
67.823823823823815	2.840091890827606e-06
67.921921921921921	2.7191048826810921e-06
68.020020020020027	2.5983131029904818e-06
68.118118118118119	2.4777160697858413e-06
68.21621621621621	2.3573133027370995e-06
68.314314314314316	2.237104382075392e-06
68.412412412412422	2.1201649723609551e-06
68.510510510510514	2.0324794173947832e-06
68.608608608608606	1.9449343023553497e-06
68.706706706706711	1.8641759721601925e-06
68.804804804804803	1.7915277689353989e-06
68.902902902902909	1.7189959595331694e-06
69.001001001001001	1.6465802588232497e-06
69.099099099099092	1.5742803838050148e-06
69.197197197197198	1.5020960508752134e-06
69.29529529529529	1.4300269848156715e-06
69.393393393393396	1.364247019487131e-06
69.491491491491487	1.3113417391750933e-06
69.589589589589593	1.2629439368592765e-06
69.687687687687685	1.2181777798376212e-06
69.785785785785777	1.1734828863630665e-06
69.883883883883883	1.128859034132831e-06
69.981981981981988	1.0843060506070987e-06
70.08008008008008	1.0398237638222624e-06
70.178178178178172	9.9541200238838404e-07
70.276276276276278	9.5107059548670168e-07
70.374374374374383	9.1006879489519785e-07
70.472472472472475	8.7895316252141781e-07
70.570570570570567	8.5071330171129193e-07
70.668668668668673	8.2251804994736951e-07
70.766766766766764	7.9436730346502347e-07
70.86486486486487	7.6626095521763856e-07
70.962962962962962	7.381988926602412e-07
71.061061061061054	7.1018100924324322e-07
71.159159159159159	6.8220721245752666e-07
71.257257257257251	6.5427741268574299e-07
71.355355355355357	6.2639147442406253e-07
71.453453453453449	6.0779327564591184e-07
71.551551551551555	5.8961326691241827e-07
71.649649649649646	5.7146174997717734e-07
71.747747747747738	5.5333865668322302e-07
71.845845845845844	5.3524391909733673e-07
71.94394394394395	5.1717746950909285e-07
72.042042042042041	4.9913924042989945e-07
72.140140140140133	4.8112916512217324e-07
72.238238238238239	4.6314717848733701e-07
72.336336336336345	4.4544227624644148e-07
72.434434434434436	4.3087724303739879e-07
72.532532532532528	4.1893838700089594e-07
72.630630630630634	4.0701810561114826e-07
72.728728728728726	3.9511637413017481e-07
72.826826826826832	3.8323311948589818e-07
72.924924924924923	3.7136829792484006e-07
73.023023023023015	3.595218658355255e-07
73.121121121121121	3.4769377974788738e-07
73.219219219219212	3.358839963326732e-07
73.317317317317318	3.2423436264098909e-07
73.41541541541541	3.1337995470467748e-07
73.513513513513516	3.042204013474214e-07
73.611611611611607	2.9623751666537037e-07
73.709709709709699	2.88266939921384e-07
73.807807807807805	2.803086467988074e-07
73.905905905905911	2.7236260573454693e-07
74.004004004004003	2.644287854342472e-07
74.102102102102094	2.565071572524232e-07
74.2002002002002	2.4859772147637041e-07
74.298298298298306	2.4070042073154781e-07
74.396396396396398	2.3331499860917171e-07
74.494494494494489	2.260086780085838e-07
74.592592592592595	2.1967318798041036e-07
74.690690690690701	2.1425154481446921e-07
74.788788788788793	2.0883818935398074e-07
74.886886886886884	2.0343310229428018e-07
74.984984984984976	1.9803626439222119e-07
75.083083083083082	1.9264765646591933e-07
75.181181181181188	1.8726725939450072e-07
75.27927927927928	1.8189505464596886e-07
75.377377377377371	1.766545386076498e-07
75.475475475475477	1.7165466172492989e-07
75.573573573573569	1.6666238872217838e-07
75.671671671671675	1.6191153833655141e-07
75.769769769769766	1.5816460960811529e-07
75.867867867867872	1.5442336036989353e-07
75.965965965965964	1.5068777751080485e-07
76.064064064064056	1.4695784796113433e-07
76.162162162162161	1.4323355869236519e-07
76.260260260260267	1.3951489671701152e-07
76.358358358358359	1.3580184908844945e-07
76.456456456456451	1.3222158493512832e-07
76.554554554554556	1.2874789529669229e-07
76.652652652652662	1.2527944388381759e-07
76.750750750750754	1.2181621867221277e-07
76.848848848848846	1.1887148338281371e-07
76.946946946946937	1.1624582610075438e-07
77.045045045045043	1.1362411240813553e-07
77.143143143143149	1.1100633328923232e-07
77.241241241241241	1.0839249805745888e-07
77.339339339339332	1.0578258068480951e-07
77.437437437437438	1.0317657097012461e-07
77.53553553553553	1.0065147611918705e-07
77.633633633633636	9.8202635357290404e-08
77.731731731731728	9.5757456489368747e-08
77.829829829829833	9.3315931183848899e-08
77.927927927927925	9.0878051135023154e-08
78.026026026026017	8.8902197280388298e-08
78.124124124124123	8.7038305720636834e-08
78.222222222222229	8.5177188316537843e-08
78.32032032032032	8.3318838786499699e-08
78.418418418418412	8.1463251023408368e-08
78.516516516516518	7.9610423823206594e-08
78.614614614614624	7.7782558374079886e-08
78.712712712712715	7.6033828324172138e-08
78.810810810810807	7.4287706449672827e-08
78.908908908908899	7.2544171985577642e-08
79.007007007007005	7.0803219101253858e-08
79.10510510510511	6.9064841983980674e-08
79.203203203203202	6.7626003463212842e-08
79.301301301301294	6.6284511294112617e-08
79.3993993993994	6.4944997865095692e-08
79.497497497497491	6.3607458737995139e-08
79.595595595595597	6.2271889488210532e-08
79.693693693693689	6.0938285704655842e-08
79.791791791791795	5.9652627334754708e-08
79.889889889889886	5.8389448792679629e-08
79.987987987987978	5.7128126667219897e-08
80.086086086086084	5.5868660314968658e-08
80.18418418418419	5.4611043212344796e-08
80.282282282282281	5.3355272100638199e-08
80.380380380380373	5.2230780442586364e-08
80.478478478478479	5.12532805381635e-08
80.576576576576585	5.0277209675108239e-08
80.674674674674677	4.9302564678126016e-08
80.772772772772768	4.8329342381529876e-08
80.87087087087086	4.7357539629203597e-08
80.96896896896898	4.642863284622198e-08
81.067067067067072	4.550493505640602e-08
81.165165165165163	4.4582582693428183e-08
81.263263263263255	4.366157277966665e-08
81.361361361361361	4.2741902346468797e-08
81.459459459459467	4.1823568434116759e-08
81.557557557557558	4.0906568091792489e-08
81.65565565565565	4.0176532122435555e-08
81.753753753753756	3.9456896719637697e-08
81.851851851851848	3.8738303452698671e-08
81.949949949949954	3.8020761047146383e-08
82.048048048048045	3.7304256598929569e-08
82.146146146146151	3.6617118946846808e-08
82.244244244244243	3.5934073334931554e-08
82.342342342342334	3.525201386029355e-08
82.44044044044044	3.4570938360617778e-08
82.538538538538546	3.389084468003778e-08
82.636636636636638	3.3211730669110771e-08
82.734734734734729	3.2533594184792713e-08
82.832832832832821	3.1884920896215702e-08
82.930930930930941	3.1348564119879513e-08
83.029029029029033	3.0812977217518129e-08
83.127127127127125	3.027815851108258e-08
83.225225225225216	2.9744106327496834e-08
83.323323323323322	2.9225153661702259e-08
83.421421421421428	2.8714557954666639e-08
83.51951951951952	2.8204698885936906e-08
83.617617617617611	2.7695572930545464e-08
83.715715715715717	2.7187174521754144e-08
83.813813813813809	2.6679502081296867e-08
83.911911911911915	2.6172554035559746e-08
84.010010010010006	2.5666328815563968e-08
84.108108108108112	2.5184069462509253e-08
84.206206206206204	2.4781122644367078e-08
84.304304304304296	2.4378748787810993e-08
84.402402402402402	2.3976946656229121e-08
84.500500500500507	2.357841199473393e-08
84.598598598598599	2.3193354211329713e-08
84.696696696696691	2.2808842737076082e-08
84.794794794794782	2.2424876395715229e-08
84.892892892892903	2.2041454230538404e-08
84.990990990990994	2.1658577002326597e-08
85.089089089089086	2.1276242388089455e-08
85.187187187187178	2.0894456141991463e-08
85.285285285285283	2.0513209178787529e-08
85.383383383383389	2.0134587870409421e-08
85.481481481481481	1.9828455338050889e-08
85.579579579579573	1.9522754068843704e-08
85.677677677677679	1.9217483141010344e-08
85.77577577577577	1.8917816756656837e-08
85.873873873873876	1.8624559401039923e-08
85.971971971971968	1.8331714247318241e-08
86.070070070070074	1.8039280416574867e-08
86.168168168168165	1.7747257032436514e-08
86.266266266266257	1.745564322106379e-08
86.364364364364363	1.7164438111141891e-08
86.462462462462469	1.6873640833871366e-08
86.56056056056056	1.658325088409595e-08
86.658658658658652	1.6293268730824264e-08
86.756756756756758	1.6037075849280411e-08
86.854854854854864	1.5802894024145083e-08
86.952952952952955	1.5569038835598741e-08
87.051051051051047	1.5339794906992432e-08
87.149149149149139	1.5114700405509142e-08
87.247247247247259	1.488991938785372e-08
87.345345345345351	1.4665451191997922e-08
87.443443443443442	1.4441295157809519e-08
87.541541541541534	1.4217450627045607e-08
87.63963963963964	1.3993916943345575e-08
87.737737737737746	1.3770693452224281e-08
87.835835835835837	1.3547779501065145e-08
87.933933933933929	1.3325174439113215e-08
88.032032032032035	1.310287761746846e-08
88.130130130130127	1.2920373982603637e-08
88.228228228228232	1.2739543182238358e-08
88.326326326326324	1.2561138973538635e-08
88.42442442442443	1.2386706994455208e-08
88.522522522522522	1.2212519208294147e-08
88.620620620620613	1.2038571629460048e-08
88.718718718718719	1.1864863755847515e-08
88.816816816816825	1.1691395086773698e-08
88.914914914914917	1.1518165122973109e-08
89.013013013013008	1.1345173366592419e-08
89.1111111111111	1.1172419321185413e-08
89.209209209209206	1.0999902491707858e-08
89.307307307307312	1.0827622384512494e-08
89.405405405405403	1.0658878217290461e-08
89.503503503503495	1.0517897730461273e-08
89.601601601601601	1.037711020814713e-08
89.699699699699707	1.0240842745860557e-08
89.797797797797799	1.0104813167697322e-08
89.89589589589589	9.9689694891779249e-09
89.993993993993996	9.8333126078117645e-09
90.092092092092088	9.6978432231115106e-09
90.190190190190194	9.5625620810455653e-09
90.288288288288285	9.4274652930754065e-09
90.386386386386391	9.2925524785675159e-09
90.484484484484483	9.1578232579527517e-09
90.582582582582575	9.0232772527224208e-09
90.68068068068068	8.88891408542455e-09
90.778778778778786	8.7555282019882553e-09
90.876876876876878	8.6450355981114495e-09
90.97497497497497	8.5359581573674051e-09
91.073073073073061	8.4290143714601531e-09
91.171171171171181	8.3222154322771872e-09
91.269269269269273	8.2155610426426508e-09
91.367367367367365	8.1090509062059983e-09
91.465465465465456	8.0026847274391949e-09
91.563563563563562	7.8964622116337594e-09
91.661661661661668	7.7903836021086344e-09
91.75975975975976	7.6844494880651194e-09
91.857857857857852	7.5786621169770411e-09
91.955955955955957	7.4730173423277657e-09
92.054054054054049	7.367514759188109e-09
92.152152152152155	7.2621540777318705e-09
92.250250250250247	7.1702216502153319e-09
92.348348348348352	7.0842935181871664e-09
92.446446446446444	6.9995257930987106e-09
92.544544544544536	6.9148717864037852e-09
92.642642642642642	6.8303312670894988e-09
92.740740740740748	6.7459040047779363e-09
92.838838838838839	6.6615897697239061e-09
92.936936936936931	6.577388332812692e-09
93.035035035035023	6.4932994655578852e-09
93.133133133133128	6.4093229400991577e-09
93.231231231231234	6.3254585292001036e-09
93.329329329329326	6.2417060062460386e-09
93.427427427427418	6.1580660949934968e-09
93.525525525525524	6.074540654799985e-09
93.623623623623629	5.9946272239873481e-09
93.721721721721721	5.9262391435292057e-09
93.819819819819813	5.858787217400275e-09
93.917917917917919	5.7914249270731236e-09
94.016016016016025	5.7241520922312042e-09
94.114114114114116	5.6569685330484956e-09
94.212212212212208	5.5898740701877609e-09
94.310310310310314	5.5228685247988792e-09
94.408408408408405	5.4559517185171879e-09
94.506506506506511	5.3891234734617298e-09
94.604604604604603	5.3223836122336558e-09
94.702702702702709	5.2557319579144871e-09
94.800800800800801	5.1891683340645178e-09
94.898898898898892	5.122692564721116e-09
94.996996996996998	5.0563044743970893e-09
95.095095095095104	4.9961942468580293e-09
95.193193193193196	4.9419375020899409e-09
95.291291291291287	4.8877549738291529e-09
95.389389389389379	4.833643956755366e-09
95.487487487487485	4.7796040852186894e-09
95.585585585585591	4.7256352127211626e-09
95.683683683683682	4.6717371981088866e-09
95.781781781781774	4.6179099006071925e-09
95.87987987987988	4.5641531798193536e-09
95.977977977977986	4.5104668957252988e-09
96.076076076076077	4.4568509086803319e-09
96.174174174174169	4.4033050794138042e-09
96.272272272272275	4.3498292690278716e-09
96.370370370370367	4.2964233389962448e-09
96.468468468468473	4.2430871511628588e-09
96.566566566566564	4.1960593515592742e-09
96.66466466466467	4.15231578279288e-09
96.762762762762762	4.1086292332120939e-09
96.860860860860853	4.0649997175795884e-09
96.958958958958959	4.0214288536998882e-09
97.057057057057051	3.9779164272499647e-09
97.155155155155157	3.9344607518850937e-09
97.253253253253249	3.8910615416906627e-09
97.35135135135134	3.8477186742014787e-09
97.449449449449446	3.80443203877258e-09
97.547547547547552	3.7612015250524712e-09
97.645645645645644	3.7180270229821083e-09
97.743743743743735	3.6749084227939039e-09
97.841841841841841	3.6318456150107583e-09
97.939939939939947	3.5890281650566263e-09
98.038038038038039	3.5509644746003974e-09
98.13613613613613	3.5165650863608981e-09
98.234234234234236	3.4822101002854196e-09
98.332332332332328	3.4478994296906864e-09
98.430430430430434	3.4136329881218912e-09
98.528528528528525	3.3794106893519697e-09
98.626626626626631	3.3452324882089577e-09
98.724724724724723	3.3110998988676384e-09
98.822822822822815	3.277012391276109e-09
98.920920920920921	3.242968806782101e-09
99.019019019019026	3.2089689737674769e-09
99.117117117117118	3.1750127661207987e-09
99.21521521521521	3.1411000991992741e-09
99.313313313313316	3.1072308885817764e-09
99.411411411411407	3.0734050500681147e-09
99.509509509509513	3.0396224996782634e-09
99.607607607607605	3.005883153651677e-09
99.705705705705697	2.9721869284465189e-09
99.803803803803802	2.9385337407389501e-09
99.901901901901908	2.904923507422418e-09
100	2.8713561456069235e-09
