Mw	Cnd
2	2.0197346112189127e-12
3.2276897961238351	4.691742215009771e-12
4.104540862020313	8.226702513949396e-12
4.9577953525881142	1.4282648461935021e-11
5.7870098456461072	2.4926625156981411e-11
6.5917103007497868	4.4040854216213741e-11
7.3713882446119747	7.9395185333183877e-11
8.1254962459430207	1.4649396224403077e-10
8.8534424983509421	2.7799889873625123e-10
9.5545842695863428	5.4528292404630026e-10
10.228219889668633	1.1115840808586232e-09
10.873578826053308	2.368896040699385e-09
11.48980920932371	5.3200938652771797e-09
12.075961891290023	1.2706214815534648e-08
12.630969674671089	3.2654078315770727e-08
13.153619632444379	9.1609043922462112e-08
13.642515210445175	2.8580716669585094e-07
14.096022621294027	1.0148742150623253e-06
14.512191893151895	4.2173992703865364e-06
14.888634458523681	2.1004533444806581e-05
15.22232004266391	0.00012344537161706161
15.50920635832547	0.00068954804252899845
15.743461286061375	0.0018146565149220917
15.91537378438462	0.0022451372652275026
16	0.0022774881023358085
16.08462621561538	0.0021987198717577181
16.256538713938625	0.0017178322812171313
16.490793641674529	0.00066349424077400386
16.77767995733609	0.00012622484018189075
17.111365541476317	2.2832954283855419e-05
17.487808106848107	4.872102460395807e-06
17.903977378705971	1.2466212803075004e-06
18.357484789554825	3.7392301195206632e-07
18.846380367555621	1.2801103302678184e-07
19.369030325328911	4.8904902603114539e-08
19.924038108709979	2.0470477793932403e-08
20.51019079067629	9.2545099441692611e-09
21.126421173946692	4.4667948430410498e-09
21.771780110331367	2.2804518955335569e-09
22.445415730413657	1.2225682275580961e-09
23.146557501649056	6.8402306255280775e-10
23.874503754056981	3.9745243135308191e-10
24.628611755388025	2.3877047802535812e-10
25.408289699250211	1.4777519938322193e-10
26.212990154353893	9.3970214251205104e-11
27.042204647411886	6.1210396415068139e-11
27.895459137979685	4.0750126560014222e-11
28.772310203876167	2.7684965865663473e-11
29.672341799101375	1.9154632450301953e-11
30.595162477719001	1.3474749062765199e-11
31.540403000521373	9.6283935426819412e-12
32.507714258814403	6.9771536731226253e-12
33.496765462968938	5.1227420472215823e-12
34.507242553611583	3.8081802484953227e-12
35.538846801269401	2.8631688083483065e-12
36.59129356650908	2.1744467145105457e-12
37.664311197537273	1.6690359289192593e-12
38.757640046158372	1.2919229144461289e-12
39.871031586144966	1.009057237821959e-12
41.004247620635184	7.947514460049773e-13
42.157059567255992	6.3057460541216463e-13
43.329247811383787	5.0379590060934917e-13
44.520601119365359	4.050793222360974e-13
45.730916104695268	3.2808292499862693e-13
46.959996741123568	2.6734145912099561e-13
48.207653917488621	2.1885048205072166e-13
49.473705029760609	1.8028426988204345e-13
50.757973606366789	1.4921049060858625e-13
52.060288963366631	1.2411702559551128e-13
53.38048588646928	1.0366307890923836e-13
54.718404337249808	8.7041044689177111e-14
56.073889181232637	7.3332828653351449e-14
57.446789935781069	6.2034065827592204e-14
58.836960535964614	5.268853885583127e-14
60.244259116779276	4.4912844203416197e-14
61.668547810272145	3.8412028388760876e-14
63.109692556276279	3.296288207961085e-14
64.567562925597031	2.8373674073818998e-14
66.042031954609797	2.4499369567015213e-14
67.532975990333654	2.1215214947305537e-14
69.040274545137976	1.8422406632675595e-14
70.563810160320898	1.6040104412844388e-14
72.103468277870576	1.4001724980299029e-14
73.659137119785242	1.2251442139083683e-14
75.230707574385463	1.0746443676842467e-14
76.818073089102427	9.4475128881663116e-15
78.421129569273575	8.3249603206396063e-15
80.039775282516175	7.3509334362126811e-15
81.673910768287953	6.5044156312197928e-15
83.323438752275948	5.7664837659323404e-15
84.988264065285392	5.1219026013810203e-15
86.668293566327023	4.5583882738313773e-15
88.363436069625834	4.0639555967995999e-15
90.073602275296437	3.62944587103468e-15
91.7987047034499	3.2467683435631423e-15
93.538657631515733	2.9088656875937907e-15
95.293377034578427	2.6107659753069631e-15
97.06278052854401	2.3467704435385295e-15
98.846787315964889	2.1121923545668626e-15
100	1.9758448577709032e-15

