Mw	Cnd
2	3.9175306926107079e-09
2.6140885151277828	5.3822073426816855e-09
3.7856432313573301	8.6020389976000106e-09
4.9354334960283808	1.2413472243467049e-08
6.0631810835471143	1.6935869047841385e-08
7.168594905884472	2.2316641567586159e-08
8.251369958127313	2.8734096147750093e-08
9.3111861372038476	3.6423756530111332e-08
10.347706913312887	4.5667064466660648e-08
11.360577829375382	5.6826277152616207e-08
12.349424798548618	7.0365966368979998e-08
13.313852163171395	8.6900764451089457e-08
14.253440469999234	1.0720104815318976e-07
15.16774390563023	1.3231112215787052e-07
16.056287321760884	1.6361196951446109e-07
16.918562761138322	2.0295650871598797e-07
17.754025370054137	2.5290356056992346e-07
18.562088549416931	3.1700053164759927e-07
19.342118150067925	4.0024923470098411e-07
20.093425453330212	5.0983893164318807e-07
20.815258585898661	6.5630603786440427e-07
21.506791884901894	8.5543294154831773e-07
22.16711253107793	1.1314019416800144e-06
22.795203466256591	1.5221212996858448e-06
23.389921136959469	2.0886394498796603e-06
23.949965833245237	2.9310053156574385e-06
24.473841079812615	4.2161468034734565e-06
24.959796194502136	6.2162985570988249e-06
25.405741688220534	9.3396618394172331e-06
25.809118095426001	1.3981831607160625e-05
26.166678330235808	1.9739405402849899e-05
26.47409088644789	2.444228338076907e-05
26.725106366131918	2.679766333279884e-05
26.90931891887249	2.7577392512751204e-05
27	2.7671871592851498e-05
27.09068108112751	2.7578025015500141e-05
27.274893633868082	2.6815284980647529e-05
27.52590911355211	2.4565548661731878e-05
27.833321669764192	2.0164222207996095e-05
28.190881904573999	1.4712732480329674e-05
28.594258311779466	1.0186569958257765e-05
29.040203805497864	7.0473139637791435e-06
29.526158920187385	4.9769402619368557e-06
30.050034166754763	3.6110474212511035e-06
30.610078863040531	2.6910541947880697e-06
31.204796533743409	2.0556815611719248e-06
31.83288746892207	1.6056517181028303e-06
32.493208115098106	1.2790088082926449e-06
33.184741414101339	1.0366313121480226e-06
33.906574546669788	8.5319214558725189e-07
34.657881849932075	7.1180857500346848e-07
35.437911450583073	6.010986103275867e-07
36.245974629945863	5.1311670379669741e-07
37.081437238861682	4.4230692574694479e-07
37.943712678239116	3.846144207666826e-07
38.832256094369768	3.3709595381714974e-07
39.746559530000766	2.9758787299502741e-07
40.686147836828603	2.6444850891245005e-07
41.650575201451382	2.3640160540402646e-07
42.63942217062462	2.1250391499691571e-07
43.652293086687109	1.9198451549891119e-07
44.688813862796152	1.7425430784014347e-07
45.748630041872687	1.5884601387859312e-07
46.831405094115524	1.4538256157348548e-07
47.936818916452886	1.3355099747969291e-07
49.064566503971619	1.2310873924511818e-07
50.214356768642674	1.1384626566454973e-07
51.385911484872217	1.0559858431912917e-07
52.578964344793079	9.8220696518139105e-08
53.793260108952566	9.1601755765002624e-08
55.028553840287586	8.5638114705578861e-08
56.284610211112096	8.0252670684480487e-08
57.561202874354983	7.5367230871846794e-08
58.858113891543326	7.0924986879121371e-08
60.175133211073806	6.6874710343424534e-08
61.512058191194477	6.3172342744870425e-08
62.868693162859756	5.9779355442123193e-08
64.244849028248268	5.6662546426759892e-08
65.640342891266314	5.3789244999347435e-08
67.054997716814313	5.1136270102508406e-08
68.488642015983132	4.8689873863865706e-08
69.941109554682555	4.6410694171411225e-08
71.412239083492551	4.4309032093477835e-08
72.901874086778861	4.2339359345434268e-08
74.409862549331478	4.0518632966755465e-08
75.936056738973946	3.8809725219029131e-08
77.480313003756464	3.7210873518788877e-08
79.042491582491607	3.5722848567652754e-08
80.622456427517818	3.4322905623059412e-08
82.220075038688236	3.3005298237235068e-08
83.835218307681941	3.1766242434274208e-08
85.467760371821527	3.0602107105903566e-08
87.117578476659219	2.9506770920621195e-08
88.78455284666245	2.8472452254224039e-08
90.468566563391846	2.7494189602036501e-08
92.169505450618914	2.6568671622135521e-08
93.887257965880409	2.5691713137360108e-08
95.621715098010199	2.486032347796429e-08
97.372770270228997	2.407086602271405e-08
100	2.2974922867259324e-08

