Mw	P
2	4.8011778183281851e-08
2.0980980980980979	5.1767998520254244e-08
2.1961961961961962	5.5588045782821999e-08
2.2942942942942941	5.9470975865871131e-08
2.3923923923923924	6.3415667913018243e-08
2.4904904904904903	6.7420871577394276e-08
2.5885885885885886	7.1485243041732244e-08
2.6866866866866865	7.5607372692281281e-08
2.7847847847847849	7.9785806524329681e-08
2.8828828828828827	8.401906279056038e-08
2.9809809809809811	8.8305875149944254e-08
3.079079079079079	9.2645625518075272e-08
3.1771771771771773	9.706266365866024e-08
3.2752752752752752	1.0195152021218781e-07
3.3733733733733731	1.0734895750839035e-07
3.4714714714714714	1.1292672293391914e-07
3.5695695695695697	1.1862366551021597e-07
3.6676676676676676	1.2441385483944244e-07
3.7657657657657655	1.3025948790608144e-07
3.8638638638638643	1.3615889349988769e-07
3.9619619619619622	1.4211041797807193e-07
4.06006006006006	1.4811242866537809e-07
4.1581581581581579	1.5473904453239985e-07
4.2562562562562558	1.6189817325822165e-07
4.3543543543543546	1.6911260094810496e-07
4.4524524524524525	1.7638049016721791e-07
4.5505505505505504	1.838520310050902e-07
4.6486486486486491	1.913849569264027e-07
4.7467467467467461	1.9906621062911679e-07
4.8448448448448449	2.0686753131539186e-07
4.9429429429429428	2.1471841923345521e-07
5.0410410410410407	2.238627714520494e-07
5.1391391391391394	2.3328542035962949e-07
5.2372372372372364	2.4276290857554221e-07
5.3353353353353352	2.5229322797673926e-07
5.433433433433434	2.618744122458472e-07
5.531531531531531	2.7151946999251691e-07
5.6296296296296298	2.8141180813168532e-07
5.7277277277277285	2.9135173195000606e-07
5.8258258258258255	3.0214321795211824e-07
5.9239239239239243	3.1435481995248767e-07
6.0220220220220222	3.2664333541862051e-07
6.1201201201201201	3.3898499333828197e-07
6.218218218218218	3.5137760751207897e-07
6.3163163163163158	3.638293090297852e-07
6.4144144144144146	3.7638175583854319e-07
6.5125125125125125	3.8897993015863248e-07
6.6106106106106104	4.0229538363491041e-07
6.7087087087087083	4.1814372587114069e-07
6.8068068068068062	4.3404682368193777e-07
6.9049049049049049	4.5000218859283034e-07
7.0030030030030028	4.6607316964711581e-07
7.1011011011011007	4.8233437144141267e-07
7.1991991991991986	4.9864272001381917e-07
7.2972972972972974	5.1499592261345003e-07
7.3953953953953953	5.3238496346673851e-07
7.4934934934934931	5.5288825555791656e-07
7.591591591591591	5.7344740300211038e-07
7.6896896896896889	5.9442997383027055e-07
7.7877877877877877	6.1546131246556968e-07
7.8858858858858856	6.3654130023334377e-07
7.9839839839839835	6.5774455537605162e-07
8.0820820820820813	6.7898976845402716e-07
8.1801801801801801	7.0379451410572882e-07
8.2782782782782789	7.3122901380414691e-07
8.3763763763763777	7.5871397076432134e-07
8.4744744744744729	7.862461871390461e-07
8.5725725725725717	8.1382254695433327e-07
8.6706706706706704	8.4185560579266152e-07
8.7687687687687692	8.7001044646117791e-07
8.866866866866868	8.9936539681146938e-07
8.9649649649649632	9.3609357093190638e-07
9.063063063063062	9.7286885593613703e-07
9.1611611611611607	1.009687459468071e-06
9.2592592592592595	1.0468669053043821e-06
9.3573573573573583	1.0841147680185658e-06
9.4554554554554571	1.1214074218369032e-06
9.5535535535535523	1.1588243086796439e-06
9.6516516516516511	1.2093480718344846e-06
9.7497497497497498	1.2601113365416846e-06
9.8478478478478486	1.3109137139559299e-06
9.9459459459459474	1.3617506755294775e-06
10.044044044044044	1.4126178117120582e-06
10.142142142142141	1.4635108291387076e-06
10.24024024024024	1.5167971439141926e-06
10.338338338338339	1.5873134328573981e-06
10.436436436436436	1.6578591533300644e-06
10.534534534534535	1.7286174960921284e-06
10.632632632632632	1.8000825502855089e-06
10.73073073073073	1.8715638247467149e-06
10.828828828828829	1.9430559709915205e-06
10.926926926926926	2.0307530878893925e-06
11.025025025025025	2.1320934802476432e-06
11.123123123123122	2.2335186322852436e-06
11.221221221221221	2.3349419609933592e-06
11.31931931931932	2.4366223649588437e-06
11.417417417417417	2.5386127835211049e-06
11.515515515515515	2.654016227472414e-06
11.613613613613612	2.8049264166903608e-06
11.711711711711711	2.9558060455761518e-06
11.80980980980981	3.1066454084121184e-06
11.907907907907907	3.2574350617964451e-06
12.006006006006006	3.4081658183207597e-06
12.104104104104103	3.5816224475307741e-06
12.202202202202201	3.8116504039538337e-06
12.3003003003003	4.041631720497256e-06
12.398398398398397	4.2731311273305188e-06
12.496496496496496	4.5051429370711513e-06
12.594594594594595	4.7371420273933537e-06
12.692692692692692	5.0555605974637832e-06
12.790790790790791	5.4247627437077149e-06
12.888888888888888	5.7937143618340378e-06
12.986986986986986	6.1623963710929654e-06
13.085085085085085	6.5307902171872822e-06
13.183183183183182	6.9741088526931527e-06
13.281281281281281	7.592821779509491e-06
13.379379379379378	8.2126896125545289e-06
13.477477477477477	8.8320588223245284e-06
13.575575575575575	9.4508574900875495e-06
13.673673673673672	1.0220714881750782e-05
13.771771771771771	1.1315494771745835e-05
13.86986986986987	1.240920157902617e-05
13.967967967967967	1.3501787999423906e-05
14.066066066066066	1.4593321864778374e-05
14.164164164164164	1.6355974387032301e-05
14.262262262262263	1.8410924828495136e-05
14.360360360360358	2.046479963938271e-05
14.458458458458457	2.251630843133174e-05
14.556556556556556	2.5478076059820201e-05
14.654654654654655	2.9541142209994235e-05
14.752752752752754	3.3599310934984772e-05
14.850850850850849	3.7652433926268945e-05
14.948948948948948	4.4192179801154318e-05
15.047047047047046	5.2283629260177989e-05
15.145145145145145	6.036458500784608e-05
15.243243243243244	6.9604792765501201e-05
15.341341341341339	8.3143250437618777e-05
15.439439439439438	9.6663246724116133e-05
15.537537537537537	0.00010988678326525356
15.635635635635635	0.00012240822079204769
15.733733733733734	0.00013491414847636483
15.831831831831833	0.00014139203047563339
15.929929929929928	0.00014654025409945113
16.028028028028025	0.00014709010335515668
16.126126126126124	0.00014380190194023592
16.224224224224223	0.00013807385908646381
16.322322322322321	0.0001282785883458346
16.42042042042042	0.00011649693229861246
16.518518518518519	0.00010443681511706674
16.616616616616618	9.1634159391670717e-05
16.714714714714717	7.8850732331256027e-05
16.812812812812815	6.7822956792381477e-05
16.910910910910914	5.9921202508287162e-05
17.009009009009006	5.2031917896241921e-05
17.107107107107105	4.4158419190585401e-05
17.205205205205203	3.9916438477336805e-05
17.303303303303302	3.5856137409123492e-05
17.401401401401401	3.1802499140680737e-05
17.4994994994995	2.798846484812588e-05
17.597597597597598	2.5900299602811641e-05
17.695695695695697	2.3815671905649542e-05
17.793793793793796	2.1734625972628413e-05
17.891891891891895	1.9657965586169217e-05
17.989989989989986	1.8444707134951433e-05
18.088088088088089	1.7354160688942702e-05
18.186186186186188	1.6265635819666375e-05
18.284284284284283	1.5179152580144762e-05
18.382382382382382	1.4218242303669647e-05
18.48048048048048	1.3622233992573208e-05
18.578578578578579	1.3027479539770551e-05
18.676676676676678	1.2459672182260825e-05
18.774774774774773	1.1899189052205811e-05
18.872872872872872	1.1412420472983178e-05
18.970970970970971	1.1116388626526327e-05
19.069069069069069	1.0821107043816245e-05
19.167167167167168	1.0526579001061057e-05
19.265265265265263	1.0245351548740184e-05
19.363363363363362	9.9967658089196188e-06
19.461461461461461	9.8867228010653839e-06
19.55955955955956	9.7885518251519677e-06
19.657657657657658	9.6963342871389229e-06
19.755755755755754	9.6046003456329524e-06
19.853853853853852	9.5134654971855893e-06
19.951951951951951	9.5181544742303527e-06
20.05005005005005	9.5869060514666327e-06
20.148148148148149	9.6559705748353792e-06
20.246246246246244	9.7253364025514477e-06
20.344344344344343	9.7993645440015228e-06
20.442442442442442	9.8813487260381407e-06
20.54054054054054	1.0102199208416875e-05
20.638638638638639	1.0360005574785726e-05
20.736736736736734	1.0617961404512511e-05
20.834834834834833	1.0876058717926377e-05
20.932932932932932	1.1134289651352154e-05
21.031031031031031	1.1472449805337425e-05
21.129129129129129	1.1957470509822402e-05
21.227227227227225	1.2481183826965627e-05
21.325325325325323	1.3005306786020958e-05
21.423423423423422	1.3529395899905638e-05
21.521521521521521	1.4096078529748868e-05
21.61961961961962	1.5005357441158758e-05
21.717717717717715	1.5914434206113905e-05
21.815815815815814	1.6840612906756656e-05
21.913913913913913	1.7797582013192739e-05
22.012012012012011	1.8914772500525725e-05
22.11011011011011	2.057162193791188e-05
22.208208208208205	2.2227835032150948e-05
22.306306306306304	2.3883376501050803e-05
22.404404404404403	2.5538211678785101e-05
22.502502502502502	2.8109001154836133e-05
22.6006006006006	3.1017534438330116e-05
22.698698698698696	3.392515758597797e-05
22.796796796796794	3.6831331821119389e-05
22.894894894894893	4.0809124860492796e-05
22.992992992992992	4.525023859525094e-05
23.091091091091091	4.968889353332995e-05
23.189189189189189	5.4193181801726323e-05
23.287287287287285	5.9041765956629265e-05
23.385385385385383	6.3887421929348902e-05
23.483483483483482	6.8700751226368848e-05
23.581581581581581	7.1874856284710072e-05
23.67967967967968	7.5046795236266906e-05
23.777777777777775	7.7392549077995995e-05
23.875875875875874	7.8998620546809838e-05
23.973973973973973	7.994641746105483e-05
24.072072072072071	8.0038181211924327e-05
24.17017017017017	7.9130233943407421e-05
24.268268268268265	7.8046875157809751e-05
24.366366366366364	7.5462018744246285e-05
24.464464464464463	7.2991121382132989e-05
24.562562562562562	6.9853548063600495e-05
24.66066066066066	6.5893140552895265e-05
24.758758758758756	6.1939181062111177e-05
24.856856856856854	5.8074611653284641e-05
24.954954954954953	5.4417060861150135e-05
25.053053053053052	5.0993128554426603e-05
25.151151151151151	4.7572050899537858e-05
25.24924924924925	4.5210316612494817e-05
25.347347347347345	4.3162999621855016e-05
25.445445445445444	4.1119489133785176e-05
25.543543543543542	3.9481900644633109e-05
25.641641641641641	3.8739481753270776e-05
25.73973973973974	3.8312015987865195e-05
25.837837837837835	3.7885496189217366e-05
25.935935935935934	3.7459901109957128e-05
26.034034034034033	3.789339413724864e-05
26.132132132132131	3.896537762414392e-05
26.23023023023023	4.0037966817278041e-05
26.328328328328329	4.1113040297233301e-05
26.426426426426424	4.2527845092561585e-05
26.524524524524526	4.494525830684397e-05
26.622622622622622	4.7606713588584155e-05
26.720720720720717	5.0268257018702925e-05
26.818818818818819	5.3089817613022444e-05
26.916916916916914	5.6808783771087862e-05
27.015015015015017	6.0547263500109029e-05
27.113113113113112	6.4481469466765438e-05
27.211211211211207	6.8200644730500207e-05
27.30930930930931	7.1696397590487022e-05
27.407407407407405	7.5190584180514215e-05
27.505505505505507	7.8156820583030591e-05
27.603603603603602	8.0175850240552264e-05
27.701701701701698	8.2260634677181662e-05
27.7997997997998	8.3352175468806976e-05
27.897897897897895	8.4152825616907445e-05
27.995995995995997	8.4250340225845152e-05
28.094094094094093	8.3738685997496645e-05
28.192192192192188	8.24941816246204e-05
28.29029029029029	8.1114599831053259e-05
28.388388388388385	7.8708140195622194e-05
28.486486486486488	7.6302750777805772e-05
28.584584584584583	7.310477312009462e-05
28.682682682682678	6.93212531675049e-05
28.780780780780781	6.5548639624853791e-05
28.878878878878876	6.1631689948445944e-05
28.976976976976978	5.7467352726016178e-05
29.075075075075073	5.330523272905748e-05
29.173173173173176	4.9145380744529198e-05
29.271271271271271	4.5684764437755357e-05
29.369369369369366	4.243814987647047e-05
29.467467467467468	3.921042777307285e-05
29.565565565565564	3.5998294996949425e-05
29.663663663663666	3.3487504519950611e-05
29.761761761761761	3.1378299618367805e-05
29.859859859859856	2.9270494963457671e-05
29.957957957957959	2.7163993238631943e-05
30.056056056056054	2.5113798771407987e-05
30.154154154154156	2.3797741977954581e-05
30.252252252252251	2.2490529161641334e-05
30.350350350350347	2.1184164091416635e-05
30.448448448448449	1.9878835996138054e-05
30.546546546546544	1.8621188622137071e-05
30.644644644644647	1.7794352044324752e-05
30.742742742742742	1.6968494966716492e-05
30.840840840840837	1.61481609183774e-05
30.938938938938939	1.5337336314792271e-05
31.037037037037035	1.4527117459723649e-05
31.135135135135137	1.3924167132353941e-05
31.233233233233232	1.3397326348330542e-05
31.331331331331327	1.2870879082708976e-05
31.42942942942943	1.2344830247455044e-05
31.527527527527525	1.1819184676252284e-05
31.625625625625627	1.1302340295963178e-05
31.723723723723722	1.0958119844423469e-05
31.821821821821825	1.0615314432515926e-05
31.91991991991992	1.0272788461769786e-05
32.018018018018012	9.9305448914580207e-06
32.116116116116117	9.5885866325189565e-06
32.214214214214209	9.2469165481895048e-06
32.312312312312315	9.0003064905112001e-06
32.410410410410407	8.7701232465344371e-06
32.508508508508505	8.5403295541904211e-06
32.606606606606604	8.3112670101771696e-06
32.704704704704703	8.082410420360908e-06
32.802802802802802	7.8537615566009461e-06
32.900900900900901	7.6575978451916699e-06
32.998998998998999	7.4976599470849522e-06
33.097097097097098	7.3378823158615723e-06
33.195195195195197	7.1825378062932873e-06
33.293293293293296	7.0280664145150765e-06
33.391391391391394	6.8737521513581178e-06
33.489489489489486	6.7195960741127163e-06
33.587587587587592	6.5968540048976244e-06
33.685685685685684	6.4863976460254394e-06
33.78378378378379	6.376064061417737e-06
33.881881881881881	6.2658539472497311e-06
33.979979979979973	6.1574713188704867e-06
34.078078078078079	6.0519154423692398e-06
34.176176176176178	5.9486527029028254e-06
34.274274274274276	5.8637549663413661e-06
34.372372372372375	5.7893242957387783e-06
34.470470470470467	5.7149930817206795e-06
34.568568568568566	5.6409819563946302e-06
34.666666666666664	5.5672024169556667e-06
34.764764764764763	5.4935541398193765e-06
34.862862862862862	5.4223056386815304e-06
34.960960960960961	5.3565386819782311e-06
35.059059059059059	5.3055898291484391e-06
35.157157157157158	5.2547201090185566e-06
35.255255255255257	5.2055117782970228e-06
35.353353353353356	5.1583872015965171e-06
35.451451451451454	5.1113457315180035e-06
35.549549549549546	5.0644190545068332e-06
35.647647647647645	5.0178329694970289e-06
35.745745745745744	4.9807493038539806e-06
35.843843843843842	4.9500744641191072e-06
35.941941941941941	4.91946652912602e-06
36.04004004004004	4.8890825376063917e-06
36.138138138138139	4.8587662249301221e-06
36.236236236236238	4.8285170953278114e-06
36.334334334334336	4.7983351805294807e-06
36.432432432432435	4.7720898652267164e-06
36.530530530530527	4.7520376411485315e-06
36.628628628628626	4.7374534961920256e-06
36.726726726726724	4.7235717953215577e-06
36.824824824824823	4.7097483907442137e-06
36.922922922922922	4.6959831981125078e-06
37.021021021021021	4.6822761315946544e-06
37.119119119119119	4.6686271039047907e-06
37.217217217217218	4.6552248379512994e-06
37.315315315315317	4.6439785395091287e-06
37.413413413413416	4.6377734119357572e-06
37.511511511511507	4.6349518766962187e-06
37.609609609609606	4.6356154072442731e-06
37.707707707707705	4.6364193841217663e-06
37.805805805805804	4.6373861426968284e-06
37.903903903903903	4.63840472230954e-06
38.002002002002001	4.6394749327446821e-06
38.1001001001001	4.6405965836752259e-06
38.198198198198199	4.6456463695249097e-06
38.296296296296298	4.652139455001171e-06
38.394394394394396	4.6588652875252176e-06
38.492492492492488	4.6661903514353272e-06
38.590590590590594	4.6772420066968218e-06
38.688688688688686	4.6920038508593669e-06
38.786786786786784	4.7068641428203585e-06
38.884884884884883	4.7218913826273227e-06
38.982982982982982	4.7369655436387761e-06
39.081081081081081	4.7556673133347893e-06
39.179179179179179	4.7747494883468246e-06
39.277277277277278	4.7938734933464266e-06
39.375375375375377	4.8130390368074588e-06
39.473473473473469	4.8329326076463244e-06
39.571571571571575	4.8532469242213068e-06
39.669669669669666	4.8792672767173813e-06
39.767767767767765	4.9084159495313434e-06
39.865865865865864	4.9376089490771098e-06
39.963963963963963	4.9694092877868967e-06
40.062062062062061	5.001803060687766e-06
40.16016016016016	5.0342364178869641e-06
40.258258258258259	5.0667089838185856e-06
40.356356356356358	5.0992203849983135e-06
40.454454454454449	5.1320548855076371e-06
40.552552552552555	5.1654029284317074e-06
40.650650650650647	5.1999122453621873e-06
40.748748748748746	5.2446653071809758e-06
40.846846846846844	5.2905012515123219e-06
40.944944944944943	5.3376207350337779e-06
41.043043043043042	5.384826147215955e-06
41.141141141141141	5.4321418253719369e-06
41.23923923923924	5.4794949278407875e-06
41.337337337337338	5.526884993032751e-06
41.43543543543543	5.5743344558983346e-06
41.533533533533536	5.6222975370908335e-06
41.631631631631627	5.6704503250687158e-06
41.729729729729733	5.7299880831973479e-06
41.827827827827825	5.7942539859531314e-06
41.925925925925924	5.8588511189429991e-06
42.024024024024023	5.9234858890547887e-06
42.122122122122121	5.9881577262635457e-06
42.22022022022022	6.0529316441318789e-06
42.318318318318319	6.1177775829961339e-06
42.416416416416411	6.1826586673256302e-06
42.514514514514516	6.247737637194735e-06
42.612612612612608	6.3130956053338663e-06
42.710710710710714	6.3923481855332296e-06
42.808808808808806	6.4781138366604431e-06
42.906906906906904	6.5639710219069004e-06
43.005005005005003	6.6498653005921357e-06
43.103103103103102	6.7357959825608518e-06
43.201201201201201	6.8217623824427701e-06
43.2992992992993	6.9077638196208297e-06
43.397397397397391	6.9938597917016783e-06
43.495495495495497	7.0800157295358048e-06
43.593593593593589	7.1663790015881857e-06
43.691691691691695	7.2762042007674168e-06
43.789789789789786	7.3885401315221641e-06
43.887887887887885	7.5010941165730181e-06
43.985985985985984	7.6136848950721702e-06
44.084084084084083	7.7263116306362015e-06
44.182182182182181	7.8389734928147633e-06
44.28028028028028	7.9516696570501714e-06
44.378378378378379	8.0643993046372875e-06
44.476476476476478	8.1771616226836879e-06
44.574574574574569	8.3049343321933729e-06
44.672672672672675	8.4496735190156988e-06
44.770770770770767	8.5957185359993377e-06
44.868868868868873	8.7425126296692015e-06
44.966966966966964	8.8893431178002845e-06
45.065065065065063	9.0362089829070983e-06
45.163163163163162	9.1831092148234473e-06
45.261261261261261	9.3300428106520694e-06
45.35935935935936	9.4770087747144815e-06
45.457457457457458	9.6348730047731147e-06
45.55555555555555	9.8241902639616457e-06
45.653653653653656	1.0013547728433044e-05
45.751751751751748	1.020386000316082e-05
45.849849849849853	1.0395403024979663e-05
45.947947947947945	1.0587085793425988e-05
46.046046046046044	1.0778802804433046e-05
46.144144144144143	1.0970552820752815e-05
46.242242242242241	1.1162334614116996e-05
46.34034034034034	1.1372912156696117e-05
46.438438438438439	1.1621700316217956e-05
46.536536536536531	1.1870528764490209e-05
46.634634634634637	1.2119395927469067e-05
46.732732732732728	1.2369856496470569e-05
46.830830830830834	1.2620363985192001e-05
46.928928928928926	1.2871590476658204e-05
47.027027027027025	1.3122973046566284e-05
47.125125125125123	1.3374402918477926e-05
47.223223223223222	1.3679844022241267e-05
47.321321321321321	1.4009023692796844e-05
47.41941941941942	1.4338242626590137e-05
47.517517517517511	1.4667498845617289e-05
47.615615615615617	1.4997877788493167e-05
47.713713713713709	1.5329257588438649e-05
47.811811811811815	1.566066936566934e-05
47.909909909909906	1.5992111185981177e-05
48.008008008008012	1.6362481184512049e-05
48.106106106106104	1.6801479233679813e-05
48.204204204204203	1.7240552580437182e-05
48.302302302302301	1.7679710873529829e-05
48.4004004004004	1.8118904291365356e-05
48.498498498498499	1.8559067879361111e-05
48.596596596596598	1.9001053848547698e-05
48.694694694694689	1.9443066348091829e-05
48.792792792792795	1.9934499343142816e-05
48.890890890890887	2.0525517332413582e-05
48.988988988988993	2.1116570706164851e-05
49.087087087087085	2.1707893915600671e-05
49.185185185185183	2.2299403480539494e-05
49.283283283283282	2.2891044262565972e-05
49.381381381381381	2.3484362896486791e-05
49.47947947947948	2.4079742914125987e-05
49.577577577577578	2.4804513997304891e-05
49.67567567567567	2.5609122030207802e-05
49.773773773773776	2.6413756014427523e-05
49.871871871871868	2.7218411681158875e-05
49.969969969969974	2.8023084792805572e-05
50.068068068068065	2.882777114276479e-05
50.166166166166164	2.9632484479280401e-05
50.264264264264263	3.050920802998923e-05
50.362362362362362	3.1614220456592813e-05
50.46046046046046	3.2719313440856518e-05
50.558558558558559	3.3824460621701487e-05
50.656656656656658	3.49296089110506e-05
50.754754754754757	3.6034752725647994e-05
50.852852852852848	3.7139922989918637e-05
50.950950950950954	3.831680530623934e-05
51.049049049049053	3.9840127897558136e-05
51.147147147147152	4.1366666215273842e-05
51.245245245245243	4.2893182995424719e-05
51.343343343343342	4.4419748232768105e-05
51.441441441441434	4.5946473395793401e-05
51.539539539539547	4.7473154321827775e-05
51.637637637637638	4.9263694828033671e-05
51.735735735735737	5.1362226776677109e-05
51.833833833833829	5.3465626975262009e-05
51.931931931931928	5.5573456182429903e-05
52.030030030030034	5.7681202265490563e-05
52.128128128128132	5.9788876848920496e-05
52.226226226226224	6.1976270385440374e-05
52.324324324324323	6.483287583791736e-05
52.422422422422414	6.7689347453773227e-05
52.520520520520527	7.0545738240019405e-05
52.618618618618619	7.3413059718126179e-05
52.716716716716718	7.6282394492846456e-05
52.81481481481481	7.9258194436298868e-05
52.912912912912908	8.3000545979848068e-05
53.011011011011014	8.6742692669494994e-05
53.109109109109113	9.0484581154543471e-05
53.207207207207205	9.4226194751657904e-05
53.305305305305303	9.7976042689317018e-05
53.403403403403395	0.0001021327453406584
53.501501501501508	0.00010664985851677384
53.5995995995996	0.00011116659163249043
53.697697697697699	0.00011568293929801724
53.79579579579579	0.00012019904788292685
53.893893893893889	0.00012477622324864971
53.991991991991995	0.0001294878967456072
54.090090090090094	0.00013421339841994447
54.188188188188185	0.00013893844477813266
54.286286286286284	0.00014366298166884844
54.384384384384376	0.0001480151241174729
54.482482482482489	0.00015208190219198633
54.58058058058058	0.00015614814811363558
54.678678678678679	0.00016023890038571812
54.776776776776771	0.00016406721264168331
54.87487487487487	0.00016710819019794107
54.972972972972975	0.00017014877532246786
55.071071071071074	0.00017318890997685259
55.169169169169166	0.00017580304928686551
55.267267267267265	0.00017788175652373964
55.365365365365356	0.00017998528172332638
55.463463463463469	0.00018196698724223329
55.561561561561561	0.00018326177804058963
55.65965965965966	0.00018455619583290802
55.757757757757751	0.00018555967946519796
55.855855855855857	0.00018625280231545542
55.953953953953956	0.00018677739992496297
56.052052052052055	0.00018697249387288455
56.150150150150147	0.00018683293281100121
56.248248248248245	0.00018652547638296437
56.346346346346351	0.00018586178730562892
56.44444444444445	0.00018498277439635364
56.542542542542542	0.0001841084014921235
56.64064064064064	0.00018254213861621443
56.738738738738732	0.00018090828856069072
56.836836836836838	0.00017927449378786066
56.934934934934937	0.00017708331072699752
57.033033033033036	0.00017455951804385038
57.131131131131127	0.00017203590960988293
57.229229229229226	0.00016951249587521543
57.327327327327332	0.00016623573586884821
57.425425425425431	0.00016273721096002108
57.523523523523522	0.00015923627882345219
57.621621621621621	0.00015573574492218784
57.719719719719713	0.00015193735880020615
57.817817817817819	0.00014779965087802945
57.915915915915917	0.00014364208630142754
58.014014014014016	0.00013948508207846169
58.112112112112108	0.00013532869562478205
58.210210210210207	0.00013121511325675359
58.308308308308312	0.00012712433151667411
58.406406406406411	0.00012303415308260578
58.504504504504503	0.00011892189608731291
58.602602602602602	0.00011479180567162175
58.700700700700693	0.00011100546193386967
58.798798798798799	0.00010748777416423272
58.896896896896898	0.00010396677435672356
58.994994994994997	0.00010042823179873066
59.093093093093088	9.687627283273046e-05
59.191191191191187	9.3305036205027747e-05
59.289289289289293	9.0462937779631715e-05
59.387387387387392	8.7638598127368181e-05
59.485485485485484	8.4814763703839471e-05
59.583583583583582	8.1977962990583385e-05
59.681681681681674	7.9116298121231633e-05
59.77977977977978	7.6255149329799185e-05
59.877877877877879	7.4047770168997009e-05
59.975975975975977	7.1829729363046514e-05
60.074074074074069	6.9612157464256407e-05
60.172172172172168	6.7395010808759691e-05
60.270270270270274	6.5165264609340655e-05
60.368368368368373	6.2899448938709689e-05
60.466466466466464	6.0957881598180179e-05
60.564564564564563	5.9232748462261391e-05
60.662662662662655	5.7507938970515134e-05
60.76076076076076	5.5746264553358906e-05
60.858858858858859	5.3983626588745185e-05
60.956956956956958	5.2221335015685488e-05
61.05505505505505	5.0459395470589692e-05
61.153153153153148	4.9051601763446942e-05
61.251251251251254	4.7685273036983785e-05
61.349349349349353	4.6319237755604485e-05
61.447447447447445	4.4953530815013744e-05
61.545545545545544	4.3588102670150387e-05
61.643643643643649	4.2224019523106548e-05
61.741741741741741	4.0886741329364067e-05
61.83983983983984	3.9790935424042326e-05
61.937937937937939	3.874395235953385e-05
62.03603603603603	3.7697188176463908e-05
62.134134134134136	3.6650665141026184e-05
62.232232232232235	3.562281682853674e-05
62.330330330330334	3.461702437350841e-05
62.428428428428425	3.3611455877598489e-05
62.526526526526524	3.2698681910826557e-05
62.62462462462463	3.1902568404721328e-05
62.722722722722722	3.1106671258712342e-05
62.820820820820821	3.0329953416043021e-05
62.918918918918919	2.9573016905775943e-05
63.017017017017011	2.8816255075747904e-05
63.115115115115117	2.8059670800885315e-05
63.213213213213216	2.7303277212004622e-05
63.311311311311314	2.6657413149804006e-05
63.409409409409406	2.6057535715799664e-05
63.507507507507505	2.5484451344498992e-05
63.605605605605611	2.4911519792102223e-05
63.703703703703702	2.4338726567703818e-05
63.801801801801801	2.3766073279499679e-05
63.8998998998999	2.3193561524111137e-05
63.997997997997992	2.2621192886657658e-05
64.09609609609609	2.21374968629383e-05
64.194194194194196	2.1699697705103514e-05
64.292292292292302	2.1262007447279048e-05
64.390390390390394	2.0824427288852022e-05
64.488488488488485	2.0386958420575726e-05
64.586586586586591	1.9949604194578441e-05
64.684684684684683	1.9512372621424248e-05
64.782782782782789	1.9082934932152291e-05
64.880880880880881	1.8693448198221032e-05
64.978978978978972	1.8355487985452563e-05
65.077077077077078	1.80176167989519e-05
65.175175175175184	1.7679834754152762e-05
65.273273273273276	1.7342142736213648e-05
65.371371371371367	1.700454162390175e-05
65.469469469469459	1.6667905440965438e-05
65.567567567567579	1.6343537892532665e-05
65.665665665665671	1.6019260550917972e-05
65.763763763763762	1.5739323830528835e-05
65.861861861861854	1.5475691027771873e-05
65.959959959959946	1.5212130830780628e-05
66.058058058058066	1.4948645538028053e-05
66.156156156156158	1.4685242529068683e-05
66.254254254254249	1.4425478722084824e-05
66.352352352352355	1.4171732491839513e-05
66.450450450450447	1.3918071749559317e-05
66.548548548548553	1.3664484971023364e-05
66.646646646646644	1.3447502174550631e-05
66.74474474474475	1.3239473338749247e-05
66.842842842842842	1.3031520087775097e-05
66.940940940940934	1.2823656637431573e-05
67.039039039039039	1.2618443691421081e-05
67.137137137137131	1.2417667896829424e-05
67.235235235235237	1.2216952221545686e-05
67.333333333333329	1.2016297137483668e-05
67.43143143143142	1.1815703113112686e-05
67.529529529529526	1.1635599131408742e-05
67.627627627627632	1.1469736119205316e-05
67.725725725725724	1.1303923445109097e-05
67.823823823823815	1.113849527767728e-05
67.921921921921921	1.0977966839863143e-05
68.020020020020027	1.0817488051784208e-05
68.118118118118119	1.0657059277290526e-05
68.21621621621621	1.0496680877570036e-05
68.314314314314316	1.0336386089649721e-05
68.412412412412422	1.0178693201375599e-05
68.510510510510514	1.0045118512573515e-05
68.608608608608606	9.9115856985652112e-06
68.706706706706711	9.7798473693417212e-06
68.804804804804803	9.6502563715147284e-06
68.902902902902909	9.5207069670274072e-06
69.001001001001001	9.391199437200399e-06
69.099099099099092	9.2617389264877992e-06
69.197197197197198	9.1323240830745211e-06
69.29529529529529	9.0029618306728091e-06
69.393393393393396	8.8803800867146685e-06
69.491491491491487	8.7717711085088511e-06
69.589589589589593	8.6648116976912848e-06
69.687687687687685	8.559192159028624e-06
69.785785785785777	8.4536375391038155e-06
69.883883883883883	8.3481181705938821e-06
69.981981981981988	8.2426342715735565e-06
70.08008008008008	8.1371860585081374e-06
70.178178178178172	8.031773746263319e-06
70.276276276276278	7.9263975481149975e-06
70.374374374374383	7.8256876287973679e-06
70.472472472472475	7.7374078201926846e-06
70.570570570570567	7.6505616442319933e-06
70.668668668668673	7.5637520185574228e-06
70.766766766766764	7.4769795545771944e-06
70.86486486486487	7.3902447149854434e-06
70.962962962962962	7.3035401154537915e-06
71.061061061061054	7.2168659252314969e-06
71.159159159159159	7.1302315445594526e-06
71.257257257257251	7.0436481006666295e-06
71.355355355355357	6.9570955287787872e-06
71.453453453453449	6.884695801259385e-06
71.551551551551555	6.8127417074981712e-06
71.649649649649646	6.7408131202847209e-06
71.747747747747738	6.6689101760522732e-06
71.845845845845844	6.5970330102182158e-06
71.94394394394395	6.5251817571902821e-06
72.042042042042041	6.4533565503726632e-06
72.140140140140133	6.3815599734081957e-06
72.238238238238239	6.3097961174633206e-06
72.336336336336345	6.2382888149384637e-06
72.434434434434436	6.1721647415034288e-06
72.532532532532528	6.112075228951776e-06
72.630630630630634	6.0520148470015374e-06
72.728728728728726	5.9919977758443416e-06
72.826826826826832	5.9320028790775832e-06
72.924924924924923	5.8720302635062683e-06
73.023023023023015	5.8120800351331522e-06
73.121121121121121	5.7521522991636244e-06
73.219219219219212	5.6922471600105611e-06
73.317317317317318	5.6325262348006612e-06
73.41541541541541	5.5737132798606423e-06
73.513513513513516	5.5197782471339333e-06
73.611611611611607	5.4692293139814291e-06
73.709709709709699	5.418702644188725e-06
73.807807807807805	5.368205480281669e-06
73.905905905905911	5.317731643401594e-06
74.004004004004003	5.2672771886465108e-06
74.102102102102094	5.2168422042769696e-06
74.2002002002002	5.166449652047773e-06
74.298298298298306	5.1160767036461683e-06
74.396396396396398	5.0664546523562112e-06
74.494494494494489	5.0169513118956938e-06
74.592592592592595	4.9709208136766338e-06
74.690690690690701	4.9281638169877706e-06
74.788788788788793	4.8854235241447631e-06
74.886886886886884	4.842700003936081e-06
74.984984984984976	4.7999933246260426e-06
75.083083083083082	4.7573035539579644e-06
75.181181181181188	4.7146307591573118e-06
75.27927927927928	4.6719777083195656e-06
75.377377377377371	4.6295838771981985e-06
75.475475475475477	4.5876400063021887e-06
75.573573573573569	4.5457130945893797e-06
75.671671671671675	4.5048524658841378e-06
75.769769769769766	4.4684378708491952e-06
75.867867867867872	4.4320379053744596e-06
75.965965965965964	4.3956526248055573e-06
76.064064064064056	4.3592820840625751e-06
76.162162162162161	4.3229263376426023e-06
76.260260260260267	4.2865854396222948e-06
76.358358358358359	4.2502594436603674e-06
76.456456456456451	4.2142449977445977e-06
76.554554554554556	4.1784815131932354e-06
76.652652652652662	4.1427328768359033e-06
76.750750750750754	4.1069991399371354e-06
76.848848848848846	4.074059016610123e-06
76.946946946946937	4.0428477693739943e-06
77.045045045045043	4.0116494555965503e-06
77.143143143143149	3.9804641196835677e-06
77.241241241241241	3.9493088464946932e-06
77.339339339339332	3.9181677979397136e-06
77.437437437437438	3.8870398356047849e-06
77.53553553553553	3.8561486999147481e-06
77.633633633633636	3.8254812705843266e-06
77.731731731731728	3.7948268777882032e-06
77.829829829829833	3.7641855630146796e-06
77.927927927927925	3.7335573674249833e-06
78.026026026026017	3.7059471242428077e-06
78.124124124124123	3.6790636407929828e-06
78.222222222222229	3.6521916188667619e-06
78.32032032032032	3.6253310942357375e-06
78.418418418418412	3.5984823987537528e-06
78.516516516516518	3.5716580645182507e-06
78.614614614614624	3.5449249349819714e-06
78.712712712712715	3.5184791630050642e-06
78.810810810810807	3.4920597701557998e-06
78.908908908908899	3.4656518937843174e-06
79.007007007007005	3.4392555673574052e-06
79.10510510510511	3.4128708240744855e-06
79.203203203203202	3.3888382547120698e-06
79.301301301301294	3.3655670584082595e-06
79.3993993993994	3.3423060339953483e-06
79.497497497497491	3.3190552104584664e-06
79.595595595595597	3.29581461655095e-06
79.693693693693689	3.272584280795754e-06
79.791791791791795	3.2495654798360829e-06
79.889889889889886	3.2266470616008785e-06
79.987987987987978	3.2037388602145685e-06
80.086086086086084	3.1808492881366545e-06
80.18418418418419	3.157973658590271e-06
80.282282282282281	3.135110473651282e-06
80.380380380380373	3.1134891490054179e-06
80.478478478478479	3.0932450423672104e-06
80.576576576576585	3.0730099887692875e-06
80.674674674674677	3.0527840118000602e-06
80.772772772772768	3.0325671348565337e-06
80.87087087087086	3.0123593811454509e-06
80.96896896896898	2.9923809105788241e-06
81.067067067067072	2.9724319816529023e-06
81.165165165165163	2.952492138371458e-06
81.263263263263255	2.9325614029307694e-06
81.361361361361361	2.9126397973444736e-06
81.459459459459467	2.8927273434446568e-06
81.557557557557558	2.8728240628829197e-06
81.65565565565565	2.8550037280362189e-06
81.753753753753756	2.8373029872615399e-06
81.851851851851848	2.8196110526361606e-06
81.949949949949954	2.8019402026695429e-06
82.048048048048045	2.7842781137705496e-06
82.146146146146151	2.7668052156172527e-06
82.244244244244243	2.7493602267542788e-06
82.342342342342334	2.7319233429813142e-06
82.44044044044044	2.7144945824234373e-06
82.538538538538546	2.6970739630540717e-06
82.636636636636638	2.6796615026958641e-06
82.734734734734729	2.6622572190215767e-06
82.832832832832821	2.6452355775976087e-06
82.930930930930941	2.6296866852523246e-06
83.029029029029033	2.6141450740580246e-06
83.127127127127125	2.598610759620993e-06
83.225225225225216	2.5830837574159488e-06
83.323323323323322	2.5676788736894136e-06
83.421421421421428	2.5523439056939297e-06
83.51951951951952	2.5370235443671433e-06
83.617617617617611	2.521715399071764e-06
83.715715715715717	2.5064145347870493e-06
83.813813813813809	2.4911209661106227e-06
83.911911911911915	2.4758347075150493e-06
84.010010010010006	2.4605557733485835e-06
84.108108108108112	2.4456423323363502e-06
84.206206206206204	2.431948079347231e-06
84.304304304304296	2.418260370804939e-06
84.402402402402402	2.4045792194168757e-06
84.500500500500507	2.3909290786434864e-06
84.598598598598599	2.3774025698359142e-06
84.696696696696691	2.3638825894368892e-06
84.794794794794782	2.3503691495957041e-06
84.892892892892903	2.3368627919989884e-06
84.990990990990994	2.3233683159838224e-06
85.089089089089086	2.3098842043133323e-06
85.187187187187178	2.2964171927271243e-06
85.285285285285283	2.2829567543194903e-06
85.383383383383389	2.2695403749949407e-06
85.481481481481481	2.2574228407577328e-06
85.579579579579573	2.245311207249995e-06
85.677677677677679	2.2332054848481528e-06
85.77577577577577	2.2211610647842452e-06
85.873873873873876	2.209186655257575e-06
85.971971971971968	2.197218130453763e-06
86.070070070070074	2.1852555002896594e-06
86.168168168168165	2.1732987745935262e-06
86.266266266266257	2.1613479631055475e-06
86.364364364364363	2.1494030754783461e-06
86.462462462462469	2.1374641212775003e-06
86.56056056056056	2.1255320398523541e-06
86.658658658658652	2.1136102738041704e-06
86.756756756756758	2.1023955741228137e-06
86.854854854854864	2.0916443800027449e-06
86.952952952952955	2.0808985235123902e-06
87.051051051051047	2.0702118204278755e-06
87.149149149149139	2.0595785576656559e-06
87.247247247247259	2.0489506080965827e-06
87.345345345345351	2.0383279798248733e-06
87.443443443443442	2.0277106808803589e-06
87.541541541541534	2.0170987192189405e-06
87.63963963963964	2.006492102723008e-06
87.737737737737746	1.9958908392018799e-06
87.835835835835837	1.9852949363922213e-06
87.933933933933929	1.9747044019584691e-06
88.032032032032035	1.9641192434932523e-06
88.130130130130127	1.9544878865638296e-06
88.228228228228232	1.9448959612521463e-06
88.326326326326324	1.9353451133568071e-06
88.42442442442443	1.9258595173177056e-06
88.522522522522522	1.9163847906096402e-06
88.620620620620613	1.9069148807365541e-06
88.718718718718719	1.8974497942683193e-06
88.816816816816825	1.8879895377124864e-06
88.914914914914917	1.8785341175146465e-06
89.013013013013008	1.8690835400587898e-06
89.1111111111111	1.8596378116676665e-06
89.209209209209206	1.8501969386031408e-06
89.307307307307312	1.840760927066551e-06
89.405405405405403	1.8314205813415137e-06
89.503503503503495	1.8228429811009944e-06
89.601601601601601	1.8142697909983952e-06
89.699699699699707	1.8057746215373339e-06
89.797797797797799	1.7972847132724164e-06
89.89589589589589	1.7887991943505439e-06
89.993993993993996	1.780321747330895e-06
90.092092092092088	1.7718531841942354e-06
90.190190190190194	1.7633961895288247e-06
90.288288288288285	1.754943585583478e-06
90.386386386386391	1.7464953775278385e-06
90.484484484484483	1.7380515704800521e-06
90.582582582582575	1.7296121695070592e-06
90.68068068068068	1.7211771796248969e-06
90.778778778778786	1.7127716318796181e-06
90.876876876876878	1.7050859046965504e-06
90.97497497497497	1.6974290248591964e-06
91.073073073073061	1.6898151414792011e-06
91.171171171171181	1.6822052460071915e-06
91.269269269269273	1.6745993428137996e-06
91.367367367367365	1.6669974362249913e-06
91.465465465465456	1.6593995305223332e-06
91.563563563563562	1.6518056299432502e-06
91.661661661661668	1.644217372975851e-06
91.75975975975976	1.6366365870531293e-06
91.857857857857852	1.6290676579885288e-06
91.955955955955957	1.6215036148667885e-06
92.054054054054049	1.6139435798312029e-06
92.152152152152155	1.6063875568900886e-06
92.250250250250247	1.5993126613483615e-06
92.348348348348352	1.5924340227674834e-06
92.446446446446444	1.5855826416546162e-06
92.544544544544536	1.5787348983959383e-06
92.642642642642642	1.571890796527313e-06
92.740740740740748	1.5650503395467981e-06
92.838838838838839	1.558213530914865e-06
92.936936936936931	1.5513803740546119e-06
93.035035035035023	1.5445508723519861e-06
93.133133133133128	1.537725029155998e-06
93.231231231231234	1.5309028477789337e-06
93.329329329329326	1.5240843314965739e-06
93.427427427427418	1.5172724955122793e-06
93.525525525525524	1.5104701019708142e-06
93.623623623623629	1.5038169924386685e-06
93.721721721721721	1.4976161904145673e-06
93.819819819819813	1.4914405623202562e-06
93.917917917917919	1.485268254408023e-06
94.016016016016025	1.4790992695292719e-06
94.114114114114116	1.472933610503342e-06
94.212212212212208	1.4667712801176858e-06
94.310310310310314	1.4606122811280585e-06
94.408408408408405	1.4544566162587035e-06
94.506506506506511	1.4483042882025292e-06
94.604604604604603	1.4421552996212988e-06
94.702702702702709	1.4360096531458001e-06
94.800800800800801	1.4298673513760378e-06
94.898898898898892	1.4237283968814021e-06
94.996996996996998	1.4175927922008488e-06
95.095095095095104	1.4117377378764163e-06
95.193193193193196	1.4061385025113772e-06
95.291291291291287	1.400547693318019e-06
95.389389389389379	1.3949617954917172e-06
95.487487487487485	1.3893789843287714e-06
95.585585585585591	1.3837992215311545e-06
95.683683683683682	1.3782225093110428e-06
95.781781781781774	1.3726488498537631e-06
95.87987987987988	1.3670782453179471e-06
95.977977977977986	1.3615106978356905e-06
96.076076076076077	1.3559462095127042e-06
96.174174174174169	1.3503847824284673e-06
96.272272272272275	1.3448264186363764e-06
96.370370370370367	1.339271120163905e-06
96.468468468468473	1.3337188890127439e-06
96.566566566566564	1.3284751751893374e-06
96.66466466466467	1.3233978914805406e-06
96.762762762762762	1.3183234096842496e-06
96.860860860860853	1.3132521743495967e-06
96.958958958958959	1.3081885927209785e-06
97.057057057057051	1.3031313695378696e-06
97.155155155155157	1.2980785545654123e-06
97.253253253253249	1.2930286369613026e-06
97.35135135135134	1.2879815186033196e-06
97.449449449449446	1.2829372011650289e-06
97.547547547547552	1.2778956862976197e-06
97.645645645645644	1.2728569756300305e-06
97.743743743743735	1.2678210707690785e-06
97.841841841841841	1.2627879732995893e-06
97.939939939939947	1.2577649532162948e-06
98.038038038038039	1.2530028863288093e-06
98.13613613613613	1.2484546483920088e-06
98.234234234234236	1.2439089461329519e-06
98.332332332332328	1.2393657809350328e-06
98.430430430430434	1.2348251541622185e-06
98.528528528528525	1.2302870671591688e-06
98.626626626626631	1.225751669071466e-06
98.724724724724723	1.2212232675284796e-06
98.822822822822815	1.2166999931321236e-06
98.920920920920921	1.212180297228063e-06
99.019019019019026	1.2076634741214948e-06
99.117117117117118	1.203149187967611e-06
99.21521521521521	1.1986374399967928e-06
99.313313313313316	1.1941282314209577e-06
99.411411411411407	1.1896215634336645e-06
99.509509509509513	1.1851174372102206e-06
99.607607607607605	1.1806158539077887e-06
99.705705705705697	1.1761168146654916e-06
99.803803803803802	1.1716203206045157e-06
99.901901901901908	1.1671263728282195e-06
100	1.1626349724222321e-06
