Mw	P
2	5.490325214175527e-07
2.0980980980980979	5.7457534687524614e-07
2.1961961961961962	5.9962047580186279e-07
2.2942942942942941	6.2421098966866045e-07
2.3923923923923924	6.4838326619747025e-07
2.4904904904904903	6.7216829122056183e-07
2.5885885885885886	6.9559267249418406e-07
2.6866866866866865	7.1867943163478526e-07
2.7847847847847849	7.414486288819341e-07
2.8828828828828827	7.6391786050060398e-07
2.9809809809809811	7.8610771156459044e-07
3.079079079079079	8.0805058230124211e-07
3.1771771771771773	8.3027255319176623e-07
3.2752752752752752	8.5494308408927608e-07
3.3733733733733731	8.8216630998202149e-07
3.4714714714714714	9.1009988272490496e-07
3.5695695695695697	9.3827299684827953e-07
3.6676676676676676	9.6643709818042551e-07
3.7657657657657655	9.9424945275154986e-07
3.8638638638638643	1.0217244391220277e-06
3.9619619619619622	1.0488752161785538e-06
4.06006006006006	1.0757138660320482e-06
4.1581581581581579	1.1054237100709579e-06
4.2562562562562558	1.1373910977017356e-06
4.3543543543543546	1.1689737311732236e-06
4.4524524524524525	1.2001851326873548e-06
4.5505505505505504	1.2321403333985367e-06
4.6486486486486491	1.263806844690926e-06
4.7467467467467461	1.2960606999281046e-06
4.8448448448448449	1.3286916462574744e-06
4.9429429429429428	1.3609722021911736e-06
5.0410410410410407	1.3990285753342162e-06
5.1391391391391394	1.4377420249395497e-06
5.2372372372372364	1.4760258875457502e-06
5.3353353353353352	1.5138926017048159e-06
5.433433433433434	1.5513538875214851e-06
5.531531531531531	1.5885160048281261e-06
5.6296296296296298	1.6265537388199909e-06
5.7277277277277285	1.6642015519374642e-06
5.8258258258258255	1.7051008814296525e-06
5.9239239239239243	1.7520362206360815e-06
6.0220220220220222	1.7986254239088333e-06
6.1201201201201201	1.8447305412180979e-06
6.218218218218218	1.8903634754911843e-06
6.3163163163163158	1.935660100455866e-06
6.4144144144144146	1.9811454557300384e-06
6.5125125125125125	2.0261856044104697e-06
6.6106106106106104	2.0737888552065281e-06
6.7087087087087083	2.1314971861998811e-06
6.8068068068068062	2.1886260018536473e-06
6.9049049049049049	2.2451882706929701e-06
7.0030030030030028	2.3016020274820434e-06
7.1011011011011007	2.3583380362910162e-06
7.1991991991991986	2.4145319307504063e-06
7.2972972972972974	2.4701949525764851e-06
7.3953953953953953	2.5292366132316229e-06
7.4934934934934931	2.5996872097296583e-06
7.591591591591591	2.6694813483406971e-06
7.6896896896896889	2.7405359395529167e-06
7.7877877877877877	2.8109206983986564e-06
7.8858858858858856	2.8806752670737431e-06
7.9839839839839835	2.9505881759724266e-06
8.0820820820820813	3.0198643603477604e-06
8.1801801801801801	3.1020713289544173e-06
8.2782782782782789	3.193039451345264e-06
8.3763763763763777	3.2831672378325426e-06
8.4744744744744729	3.3724702106337675e-06
8.5725725725725717	3.4609633828493529e-06
8.6706706706706704	3.5506401244615417e-06
8.7687687687687692	3.6399030824592566e-06
8.866866866866868	3.7325002444907369e-06
8.9649649649649632	3.8501451513733355e-06
9.063063063063062	3.9667307851876049e-06
9.1611611611611607	4.0822754699991953e-06
9.2592592592592595	4.1984413335593494e-06
9.3573573573573583	4.3137433714296581e-06
9.4554554554554571	4.4281319242038853e-06
9.5535535535535523	4.5423494144073945e-06
9.6516516516516511	4.7005147809672989e-06
9.7497497497497498	4.858027789680069e-06
9.8478478478478486	5.0141765290979129e-06
9.9459459459459474	5.1689829700841e-06
10.044044044044044	5.322468486744761e-06
10.142142142142141	5.4746538805764261e-06
10.24024024024024	5.6333804463593001e-06
10.338338338338339	5.8475780956517956e-06
10.436436436436436	6.0599542036964377e-06
10.534534534534535	6.2713335876471725e-06
10.632632632632632	6.4838258394305535e-06
10.73073073073073	6.6945521618415635e-06
10.828828828828829	6.9035389511823785e-06
10.926926926926926	7.1621158424256172e-06
11.025025025025025	7.4617662629158104e-06
11.123123123123122	7.7595670674868714e-06
11.221221221221221	8.0549248019439693e-06
11.31931931931932	8.3490692954008494e-06
11.417417417417417	8.6422830749504646e-06
11.515515515515515	8.9753191195988776e-06
11.613613613613612	9.4148112535862943e-06
11.711711711711711	9.8507490264724963e-06
11.80980980980981	1.0283182487020415e-05
11.907907907907907	1.0712160559831142e-05
12.006006006006006	1.1137731082286655e-05
12.104104104104103	1.1628179431775119e-05
12.202202202202201	1.2283688317646291e-05
12.3003003003003	1.2934266854795329e-05
12.398398398398397	1.3586289458099999e-05
12.496496496496496	1.4235657252528462e-05
12.594594594594595	1.488088766151061e-05
12.692692692692692	1.5773348875968289e-05
12.790790790790791	1.6806825646789972e-05
12.888888888888888	1.7832308639168633e-05
12.986986986986986	1.88499024391357e-05
13.085085085085085	1.9859709509872706e-05
13.183183183183182	2.107542100686863e-05
13.281281281281281	2.2780367171647401e-05
13.379379379379378	2.447885489909139e-05
13.477477477477477	2.6164689801901596e-05
13.575575575575575	2.7837857618075234e-05
13.673673673673672	2.9916651841202118e-05
13.771771771771771	3.2874843203132219e-05
13.86986986986987	3.5810982492815591e-05
13.967967967967967	3.8725342707976017e-05
14.066066066066066	4.1618889337464301e-05
14.164164164164164	4.6278063831275883e-05
14.262262262262263	5.1681389789323555e-05
14.360360360360358	5.7049937812208298e-05
14.458458458458457	6.2379448852961018e-05
14.556556556556556	6.995809853580435e-05
14.654654654654655	8.0242796147203904e-05
14.752752752752754	9.0453476375431448e-05
14.850850850850849	0.00010059101277311293
14.948948948948948	0.00011621749710037732
15.047047047047046	0.0001352042891933317
15.145145145145145	0.00015405661063865243
15.243243243243244	0.0001746544096797358
15.341341341341339	0.00020200398060890988
15.439439439439438	0.00022916221149909267
15.537537537537537	0.000254444908624778
15.635635635635635	0.0002754133716913015
15.733733733733734	0.00029624682998475189
15.831831831831833	0.00030633683783293903
15.929929929929928	0.00031409761369991418
16.028028028028025	0.00031417413417818583
16.126126126126124	0.00030789000369360679
16.224224224224223	0.00029761224648977981
16.322322322322321	0.00028036389783778751
16.42042042042042	0.00025978551171882216
16.518518518518519	0.00023785729198830903
16.616616616616618	0.0002122744432153895
16.714714714714717	0.00018686261862867835
16.812812812812815	0.00016416341256127068
16.910910910910914	0.00014615805158540497
17.009009009009006	0.00012827254398637845
17.107107107107105	0.00011051653734598078
17.205205205205203	0.00010027372060013056
17.303303303303302	9.0466569313012963e-05
17.401401401401401	8.0723447177950586e-05
17.4994994994995	7.1572499844805559e-05
17.597597597597598	6.637652725273571e-05
17.695695695695697	6.1214240986439016e-05
17.793793793793796	5.6085293319290395e-05
17.891891891891895	5.0991937937981914e-05
17.989989989989986	4.7973192999097379e-05
18.088088088088089	4.5259176498489389e-05
18.186186186186188	4.2562641360127723e-05
18.284284284284283	3.9883409697942893e-05
18.382382382382382	3.7517090861245401e-05
18.48048048048048	3.6034157727980932e-05
18.578578578578579	3.4561110860843878e-05
18.676676676676678	3.3175331820750544e-05
18.774774774774773	3.1818077175587189e-05
18.872872872872872	3.0645775593438481e-05
18.970970970970971	2.9935663831697816e-05
19.069069069069069	2.9230331874529631e-05
19.167167167167168	2.8529730703453017e-05
19.265265265265263	2.7870957748204948e-05
19.363363363363362	2.7310798501432589e-05
19.461461461461461	2.7084216792043698e-05
19.55955955955956	2.6889219358216612e-05
19.657657657657658	2.6713640138646714e-05
19.755755755755754	2.6539684369611557e-05
19.853853853853852	2.6367930490062442e-05
19.951951951951951	2.6461486809931358e-05
20.05005005005005	2.6707521780572095e-05
20.148148148148149	2.6952939645830111e-05
20.246246246246244	2.7197702039984486e-05
20.344344344344343	2.7455629942083296e-05
20.442442442442442	2.7737041018118449e-05
20.54054054054054	2.8401229289329983e-05
20.638638638638639	2.9149370593789294e-05
20.736736736736734	2.9894291262031582e-05
20.834834834834833	3.0636013740057109e-05
20.932932932932932	3.1374560232916388e-05
21.031031031031031	3.2329220033673988e-05
21.129129129129129	3.3685862600129828e-05
21.227227227227225	3.5131192311833016e-05
21.325325325325323	3.6572089962826347e-05
21.423423423423422	3.8006490573258064e-05
21.521521521521521	3.9547286908094904e-05
21.61961961961962	4.1986047353116024e-05
21.717717717717715	4.4413681123872937e-05
21.815815815815814	4.68757277823955e-05
21.913913913913913	4.9411944793751845e-05
22.012012012012011	5.2336783720149035e-05
22.11011011011011	5.6591620051799538e-05
22.208208208208205	6.0827055401891773e-05
22.306306306306304	6.5043232124250926e-05
22.404404404404403	6.9240291023662615e-05
22.502502502502502	7.5464997288928612e-05
22.6006006006006	8.24385935745489e-05
22.698698698698696	8.9383016461435494e-05
22.796796796796794	9.6296228809725386e-05
22.894894894894893	0.00010498432625486385
22.992992992992992	0.00011441516681430774
23.091091091091091	0.00012380374647246513
23.189189189189189	0.00013316841236343926
23.287287287287285	0.00014199558526382014
23.385385385385383	0.00015078353024512137
23.483483483483482	0.00015947312266589248
23.581581581581581	0.00016481500214492227
23.67967967967968	0.00017013347367338477
23.777777777777775	0.0001740225409283151
23.875875875875874	0.0001767506309415774
23.973973973973973	0.00017835546265654537
24.072072072072071	0.00017850563631622478
24.17017017017017	0.00017696460724659
24.268268268268265	0.00017513387033297534
24.366366366366364	0.00017077614933157451
24.464464464464463	0.00016679430090552476
24.562562562562562	0.00016153784515965044
24.66066066066066	0.00015469926028061635
24.758758758758756	0.0001478988386387612
24.856856856856854	0.00014086979031564727
24.954954954954953	0.00013356241051556435
25.053053053053052	0.00012690574215039189
25.151151151151151	0.00012027837054877857
25.24924924924925	0.0001153005893667766
25.347347347347345	0.0001108239786988612
25.445445445445444	0.00010637224888628683
25.543543543543542	0.00010297207521044481
25.641641641641641	0.00010145238429453177
25.73973973973974	0.00010057861895566457
25.837837837837835	9.9709689507663046e-05
25.935935935935934	9.8845450895625138e-05
26.034034034034033	9.9993626785372671e-05
26.132132132132131	0.00010259102935788547
26.23023023023023	0.00010518026025611995
26.328328328328329	0.00010776550242766026
26.426426426426424	0.00011102203428326935
26.524524524524526	0.00011632231331862663
26.622622622622622	0.00012218102584200859
26.720720720720717	0.00012802141629153675
26.818818818818819	0.00013403060178765724
26.916916916916914	0.00014108049844714657
27.015015015015017	0.0001481543502090649
27.113113113113112	0.0001556774309424629
27.211211211211207	0.00016229525700931397
27.30930930930931	0.00016797949639801526
27.407407407407405	0.00017364255128054265
27.505505505505507	0.00017831478983426546
27.603603603603602	0.00018126571658395752
27.701701701701698	0.0001843686013035075
27.7997997997998	0.00018576051073813577
27.897897897897895	0.00018665121782631558
27.995995995995997	0.00018634229698642635
28.094094094094093	0.00018499734125037323
28.192192192192188	0.00018243858279632427
28.29029029029029	0.00017968788797015107
28.388388388388385	0.0001752047692109678
28.486486486486488	0.0001707386907031322
28.584584584584583	0.00016486649370353433
28.682682682682678	0.00015796535520585755
28.780780780780781	0.00015111185629930826
28.878878878878876	0.00014370080508958424
28.976976976976978	0.00013540773816031517
29.075075075075073	0.00012714521174789225
29.173173173173176	0.00011891304873068097
29.271271271271271	0.00011143805477972003
29.369369369369366	0.00010421082938002785
29.467467467467468	9.7051384216469082e-05
29.565565565565564	8.9951290171177308e-05
29.663663663663666	8.41578264333427e-05
29.761761761761761	7.9117270205688534e-05
29.859859859859856	7.4095314923472867e-05
29.957957957957959	6.9091546275695421e-05
30.056056056056054	6.4224116382125183e-05
30.154154154154156	6.0951437059627076e-05
30.252252252252251	5.7709870830717208e-05
30.350350350350347	5.4479974737565122e-05
30.448448448448449	5.1262361576744184e-05
30.546546546546544	4.8166557597087324e-05
30.644644644644647	4.6072861344720499e-05
30.742742742742742	4.398752568123686e-05
30.840840840840837	4.1921526051281522e-05
30.938938938938939	3.9884311408657927e-05
31.037037037037035	3.7854465102295633e-05
31.135135135135137	3.6325344176883718e-05
31.233233233233232	3.4982066887513003e-05
31.331331331331327	3.3643577289682972e-05
31.42942942942943	3.2309848799483287e-05
31.527527527527525	3.0980855042041596e-05
31.625625625625627	2.9676368966929545e-05
31.723723723723722	2.8795959058844471e-05
31.821821821821825	2.7922506937245126e-05
31.91991991991992	2.7052159240463085e-05
32.018018018018012	2.6184898858285528e-05
32.116116116116117	2.5320708813391921e-05
32.214214214214209	2.4459572259961881e-05
32.312312312312315	2.3833341514615714e-05
32.410410410410407	2.3248460289549333e-05
32.508508508508505	2.2666091486085593e-05
32.606606606606604	2.2086856550176048e-05
32.704704704704703	2.1509668566978801e-05
32.802802802802802	2.0934516378156028e-05
32.900900900900901	2.044144158390393e-05
32.998998998998999	2.0040430709126884e-05
33.097097097097098	1.9640855684320002e-05
33.195195195195197	1.9252715621125595e-05
33.293293293293296	1.8867635449144788e-05
33.391391391391394	1.8483925904849999e-05
33.489489489489486	1.8101579532261049e-05
33.587587587587592	1.7797051213156948e-05
33.685685685685684	1.7523361558497844e-05
33.78378378378379	1.7250658653285652e-05
33.881881881881881	1.6978937105129866e-05
33.979979979979973	1.6712149826119788e-05
34.078078078078079	1.6453543984479336e-05
34.176176176176178	1.6203687583725085e-05
34.274274274274276	1.5999250905693188e-05
34.372372372372375	1.5820816371132646e-05
34.470470470470467	1.5643047991783195e-05
34.568568568568566	1.546638329096308e-05
34.666666666666664	1.5290639644658018e-05
34.764764764764763	1.5115664544147314e-05
34.862862862862862	1.4946767824015451e-05
34.960960960960961	1.4791507558910063e-05
35.059059059059059	1.4672560330026719e-05
35.157157157157158	1.4554073654818267e-05
35.255255255255257	1.4441634980223083e-05
35.353353353353356	1.4336703728940306e-05
35.451451451451454	1.4232196306492629e-05
35.549549549549546	1.4128172994476933e-05
35.647647647647645	1.4025079390914292e-05
35.745745745745744	1.394490022285701e-05
35.843843843843842	1.3880304069789353e-05
35.941941941941941	1.3815995497294874e-05
36.04004004004004	1.3752538611294471e-05
36.138138138138139	1.3689366582156626e-05
36.236236236236238	1.3626475825668053e-05
36.334334334334336	1.3563864685713607e-05
36.432432432432435	1.3514934705953933e-05
36.530530530530527	1.348153923751608e-05
36.628628628628626	1.3461097851052165e-05
36.726726726726724	1.3442221915445332e-05
36.824824824824823	1.3423495375868186e-05
36.922922922922922	1.3404917209515687e-05
37.021021021021021	1.3386486401737952e-05
37.119119119119119	1.3368201945961774e-05
37.217217217217218	1.3350730118564029e-05
37.315315315315317	1.3338401513782493e-05
37.413413413413416	1.3338060131038112e-05
37.511511511511507	1.3348784707084122e-05
37.609609609609606	1.3370164418608947e-05
37.707707707707705	1.3391751560957302e-05
37.805805805805804	1.3413589291009256e-05
37.903903903903903	1.3435460360510894e-05
38.002002002002001	1.345736428851068e-05
38.1001001001001	1.3479300598520169e-05
38.198198198198199	1.3510428951323405e-05
38.296296296296298	1.354491079808763e-05
38.394394394394396	1.3580035060328153e-05
38.492492492492488	1.3616382699981422e-05
38.590590590590594	1.3664558523762342e-05
38.688688688688686	1.3724935220668526e-05
38.786786786786784	1.3785342376347873e-05
38.884884884884883	1.3845913153125028e-05
38.982982982982982	1.3906414959859311e-05
39.081081081081081	1.3975242072975151e-05
39.179179179179179	1.404476593268619e-05
39.277277277277278	1.4114192870884117e-05
39.375375375375377	1.4183522986737741e-05
39.473473473473469	1.4254507566789955e-05
39.571571571571575	1.4326343528750759e-05
39.669669669669666	1.4416716508295589e-05
39.767767767767765	1.4517081722969956e-05
39.865865865865864	1.461728085293912e-05
39.963963963963963	1.4723222418700498e-05
40.062062062062061	1.4830262390114428e-05
40.16016016016016	1.4937115670417873e-05
40.258258258258259	1.5043782711247309e-05
40.356356356356358	1.5150263962898083e-05
40.454454454454449	1.525718252357473e-05
40.552552552552555	1.536511689458246e-05
40.650650650650647	1.5476529766736497e-05
40.748748748748746	1.5620776982546308e-05
40.846846846846844	1.5767159130844515e-05
40.944944944944943	1.5916134140584076e-05
41.043043043043042	1.6064918253457925e-05
41.141141141141141	1.621355951325326e-05
41.23923923923924	1.6361920215927026e-05
41.337337337337338	1.6510001158520477e-05
41.43543543543543	1.6657852814515868e-05
41.533533533533536	1.6806461710684382e-05
41.631631631631627	1.6955301103319743e-05
41.729729729729733	1.7140083194905275e-05
41.827827827827825	1.7338105205946333e-05
41.925925925925924	1.7536409370351256e-05
42.024024024024023	1.7734325582804295e-05
42.122122122122121	1.7931855014028875e-05
42.22022022022022	1.8129123356345814e-05
42.318318318318319	1.8326075573886528e-05
42.416416416416411	1.8522643823383668e-05
42.514514514514516	1.8719180596390047e-05
42.612612612612608	1.8915861788852117e-05
42.710710710710714	1.9155742120481734e-05
42.808808808808806	1.9414326842893974e-05
42.906906906906904	1.9672519313474314e-05
43.005005005005003	1.9930199004196044e-05
43.103103103103102	2.0187367500977104e-05
43.201201201201201	2.0444026382577935e-05
43.2992992992993	2.0700177220649043e-05
43.397397397397391	2.095593506479391e-05
43.495495495495497	2.121123738834719e-05
43.593593593593589	2.1466408180454369e-05
43.691691691691695	2.1793442884217851e-05
43.789789789789786	2.2126764458383617e-05
43.887887887887885	2.245982602294252e-05
43.985985985985984	2.2792222967629082e-05
44.084084084084083	2.3123957365464888e-05
44.182182182182181	2.3455031280051627e-05
44.28028028028028	2.3785446765633264e-05
44.378378378378379	2.4115205867157636e-05
44.476476476476478	2.4444310620337454e-05
44.574574574574569	2.4818429878294374e-05
44.672672672672675	2.5243272580631171e-05
44.770770770770767	2.5670715948835007e-05
44.868868868868873	2.6099114188706049e-05
44.966966966966964	2.6526658455658799e-05
45.065065065065063	2.6953351413651248e-05
45.163163163163162	2.7379195714571153e-05
45.261261261261261	2.7804193998314832e-05
45.35935935935936	2.8228348892865006e-05
45.457457457457458	2.8684353214536861e-05
45.55555555555555	2.9233863520441028e-05
45.653653653653656	2.9782281356644533e-05
45.751751751751748	3.0332421093316646e-05
45.849849849849853	3.0884354815568939e-05
45.947947947947945	3.1435424034319654e-05
46.046046046046044	3.1985400873225436e-05
46.144144144144143	3.2534288719663714e-05
46.242242242242241	3.3082090945816002e-05
46.34034034034034	3.3684402477647819e-05
46.438438438438439	3.4398497200242557e-05
46.536536536536531	3.5111179053992604e-05
46.634634634634637	3.5822452412619706e-05
46.732732732732728	3.6537093476015258e-05
46.830830830830834	3.7250356480917347e-05
46.928928928928926	3.7963708077170074e-05
47.027027027027025	3.8675904830744861e-05
47.125125125125123	3.9386731941201874e-05
47.223223223223222	4.0253457585754243e-05
47.321321321321321	4.118746617844096e-05
47.41941941941942	4.2119638586314993e-05
47.517517517517511	4.3049980452580351e-05
47.615615615615617	4.3981786264225221e-05
47.713713713713709	4.4914688510112825e-05
47.811811811811815	4.5845765075937214e-05
47.909909909909906	4.6775021541915426e-05
48.008008008008012	4.7813560781263051e-05
48.106106106106104	4.9046177709355929e-05
48.204204204204203	5.0276462764103822e-05
48.302302302302301	5.1504437188992907e-05
48.4004004004004	5.2730021217748876e-05
48.498498498498499	5.3956019313235544e-05
48.596596596596598	5.518497516726161e-05
48.694694694694689	5.6411543610959902e-05
48.792792792792795	5.7774364662718512e-05
48.890890890890887	5.9413666292726296e-05
48.988988988988993	6.1049788486564849e-05
49.087087087087085	6.2683255739117921e-05
49.185185185185183	6.431390291173921e-05
49.283283283283282	6.5941614909813888e-05
49.381381381381381	6.7571019364777543e-05
49.47947947947948	6.9203267503060103e-05
49.577577577577578	7.1186677424784825e-05
49.67567567567567	7.3384644744812173e-05
49.773773773773776	7.5578379850237812e-05
49.871871871871868	7.7767895442074401e-05
49.969969969969974	7.9953204166859212e-05
50.068068068068065	8.2134318616976915e-05
50.166166166166164	8.4311289872953115e-05
50.264264264264263	8.6676273983356261e-05
50.362362362362362	8.964309477187448e-05
50.46046046046046	9.2604378582337432e-05
50.558558558558559	9.5560099912970489e-05
50.656656656656658	9.8510178786024915e-05
50.754754754754757	0.00010145463196671624
50.852852852852848	0.00010439354243950483
50.950950950950954	0.00010750992478286738
51.049049049049053	0.00011150479048861197
51.147147147147152	0.00011550121234987933
51.245245245245243	0.00011949004811053515
51.343343343343342	0.00012347148554713993
51.441441441441434	0.0001274458002507148
51.539539539539547	0.0001314125942755372
51.637637637637638	0.00013600706578017422
51.735735735735737	0.00014133353536837289
51.833833833833829	0.00014666363671308232
51.931931931931928	0.00015199616965010616
52.030030030030034	0.00015731865903503581
52.128128128128132	0.00016263117321755935
52.226226226226224	0.00016810905498828481
52.324324324324323	0.00017504568085246355
52.422422422422414	0.00018196928956775652
52.520520520520527	0.00018888005940133148
52.618618618618619	0.00019580776515513217
52.716716716716718	0.00020272841424913673
52.81481481481481	0.00020983495624916164
52.912912912912908	0.00021835635315831212
53.011011011011014	0.00022686192700032836
53.109109109109113	0.00023535165027503479
53.207207207207205	0.00024382556879653556
53.305305305305303	0.00025230601766677391
53.403403403403395	0.0002612855146836009
53.501501501501508	0.00027069215633942275
53.5995995995996	0.00028008135706162842
53.697697697697699	0.00028945319682359638
53.79579579579579	0.00029880807402801583
53.893893893893889	0.00030797756547271772
53.991991991991995	0.00031681862452314204
54.090090090090094	0.00032567909910372918
54.188188188188185	0.00033452335578237392
54.286286286286284	0.00034335137213905469
54.384384384384376	0.00035116985932036332
54.482482482482489	0.0003582138152171289
54.58058058058058	0.00036524485299726541
54.678678678678679	0.00037232149500611428
54.776776776776771	0.00037890167511694673
54.87487487487487	0.00038400610665426365
54.972972972972975	0.00038910144813134566
55.071071071071074	0.00039418762840151827
55.169169169169166	0.00039851912002756017
55.267267267267265	0.00040191229005442095
55.365365365365356	0.00040535219440631618
55.463463463463469	0.00040857405827004209
55.561561561561561	0.00041059304871679162
55.65965965965966	0.00041260840983029683
55.757757757757751	0.00041411434765804654
55.855855855855857	0.00041507768595963607
55.953953953953956	0.00041574610771222232
56.052052052052055	0.0004158417203343729
56.150150150150147	0.0004153570368310085
56.248248248248245	0.00041458263841085774
56.346346346346351	0.00041319300015310513
56.44444444444445	0.00041140855624074085
56.542542542542542	0.00040963148846860772
56.64064064064064	0.00040666245979430416
56.738738738738732	0.00040358213778570525
56.836836836836838	0.00040050745651108401
56.934934934934937	0.00039644597892834576
57.033033033033036	0.00039180403611134839
57.131131131131127	0.00038717046053582805
57.229229229229226	0.00038254522888095014
57.327327327327332	0.00037656925760847106
57.425425425425431	0.00037018265391403684
57.523523523523522	0.00036380096856885723
57.621621621621621	0.00035743071723193438
57.719719719719713	0.00035033309721078156
57.817817817817819	0.00034243073185505167
57.915915915915917	0.00033450553245153682
58.014014014014016	0.00032659445937128443
58.112112112112108	0.00031869755569699542
58.210210210210207	0.00031036989369401041
58.308308308308312	0.00030190396798462828
58.406406406406411	0.00029345306307371584
58.504504504504503	0.00028497751304182599
58.602602602602602	0.00027648475296516235
58.700700700700693	0.0002683687313618154
58.798798798798799	0.00026053041189435605
58.896896896896898	0.00025269919146034042
58.994994994994997	0.00024485028268809403
59.093093093093088	0.00023699087122792793
59.191191191191187	0.00022911078130916407
59.289289289289293	0.00022246510836150548
59.387387387387392	0.00021585826979601835
59.485485485485484	0.00020926306768633931
59.583583583583582	0.00020265613659277196
59.681681681681674	0.00019601691104371687
59.77977977977978	0.00018938929774917955
59.877877877877879	0.00018406931949016536
59.975975975975977	0.00017874752813201315
60.074074074074069	0.00017343515820019683
60.172172172172168	0.00016813208080715736
60.270270270270274	0.00016281526405401877
60.368368368368373	0.00015744333137856386
60.466466466466464	0.00015278249887736324
60.564564564564563	0.00014859766081731779
60.662662662662655	0.00014442007379836041
60.76076076076076	0.00014016821554683272
60.858858858858859	0.00013592084856625807
60.956956956956958	0.00013168081690827314
61.05505505505505	0.0001274481010792638
61.153153153153148	0.00012402282182552953
61.251251251251254	0.00012067034906016683
61.349349349349353	0.00011732368725278056
61.447447447447445	0.00011398288280264957
61.545545545545544	0.00011064781177638118
61.643643643643649	0.0001073191723019664
61.741741741741741	0.00010401404347041859
61.83983983983984	0.00010128318948245978
61.937937937937939	9.8671486675546357e-05
62.03603603603603	9.6064243267541982e-05
62.134134134134136	9.3461484215315459e-05
62.232232232232235	9.0891252716934423e-05
62.330330330330334	8.8358607807812785e-05
62.428428428428425	8.5830273614208693e-05
62.526526526526524	8.3529046588778102e-05
62.62462462462463	8.1511833700193367e-05
62.722722722722722	7.9498124774005232e-05
62.820820820820821	7.7523745258510309e-05
62.918918918918919	7.5589737195779326e-05
63.017017017017011	7.3659003386128367e-05
63.115115115115117	7.1731536499747211e-05
63.213213213213216	6.9807347104527484e-05
63.311311311311314	6.8155411696306048e-05
63.409409409409406	6.6616283155027678e-05
63.507507507507505	6.5135810755201899e-05
63.605605605605611	6.3657862701023754e-05
63.703703703703702	6.2182401723241351e-05
63.801801801801801	6.0709421395779596e-05
63.8998998998999	5.9238915315592767e-05
63.997997997997992	5.7770877102554334e-05
64.09609609609609	5.6520378146309731e-05
64.194194194194196	5.5381578250629194e-05
64.292292292292302	5.4244685170009092e-05
64.390390390390394	5.3109694004135196e-05
64.488488488488485	5.1976599870145587e-05
64.586586586586591	5.0845401662423758e-05
64.684684684684683	4.9716106372646019e-05
64.782782782782789	4.8606571768482822e-05
64.880880880880881	4.7595795566937172e-05
64.978978978978972	4.6713556515333896e-05
65.077077077077078	4.583278635072472e-05
65.175175175175184	4.4953479853076112e-05
65.273273273273276	4.4075633291694856e-05
65.371371371371367	4.319924294904889e-05
65.469469469469459	4.2326375935862736e-05
65.567567567567579	4.1483988803461564e-05
65.665665665665671	4.0642996420278828e-05
65.763763763763762	3.9912838080377158e-05
65.861861861861854	3.9223993230686967e-05
65.959959959959946	3.853628562204568e-05
66.058058058058066	3.7849715194274967e-05
66.156156156156158	3.7164290668346894e-05
66.254254254254249	3.6488637022096429e-05
66.352352352352355	3.5828490766820937e-05
66.450450450450447	3.516945331715887e-05
66.548548548548553	3.451149896401178e-05
66.646646646646644	3.394499320320883e-05
66.74474474474475	3.3401398208234894e-05
66.842842842842842	3.2858724596752496e-05
66.940940940940934	3.2316997100713004e-05
67.039039039039039	3.178249742722614e-05
67.137137137137131	3.1259582147618929e-05
67.235235235235237	3.0737521454616832e-05
67.333333333333329	3.0216313209254512e-05
67.43143143143142	2.9695955279955297e-05
67.529529529529526	2.9226936752263887e-05
67.627627627627632	2.8793716055049094e-05
67.725725725725724	2.8361200760459491e-05
67.823823823823815	2.7930204639487524e-05
67.921921921921921	2.7511846912356412e-05
68.020020020020027	2.709416854047408e-05
68.118118118118119	2.6677167835055501e-05
68.21621621621621	2.6260843113104332e-05
68.314314314314316	2.5845257085210946e-05
68.412412412412422	2.5436634620838158e-05
68.510510510510514	2.5088018249296152e-05
68.608608608608606	2.473996502291043e-05
68.706706706706711	2.4396805713364047e-05
68.804804804804803	2.4059401681590907e-05
68.902902902902909	2.3722541630216573e-05
69.001001001001001	2.3386224217311733e-05
69.099099099099092	2.3050456434686922e-05
69.197197197197198	2.271523415518255e-05
69.29529529529529	2.238056900640907e-05
69.393393393393396	2.2063012212660566e-05
69.491491491491487	2.1780216948806865e-05
69.589589589589593	2.1501870240478606e-05
69.687687687687685	2.1227193223072754e-05
69.785785785785777	2.0953014043037669e-05
69.883883883883883	2.0679273388548483e-05
69.981981981981988	2.0405970187029959e-05
70.08008008008008	2.0133103369516853e-05
70.178178178178172	1.9860671870637901e-05
70.276276276276278	1.9588674628600057e-05
70.374374374374383	1.932846163440622e-05
70.472472472472475	1.9099054368905321e-05
70.570570570570567	1.8873483668077232e-05
70.668668668668673	1.8648283141536477e-05
70.766766766766764	1.8423453791814533e-05
70.86486486486487	1.8198995278530155e-05
70.962962962962962	1.797489266704006e-05
71.061061061061054	1.7751145094871024e-05
71.159159159159159	1.7527769584192905e-05
71.257257257257251	1.7304786479749401e-05
71.355355355355357	1.708215572974107e-05
71.453453453453449	1.6894396438654295e-05
71.551551551551555	1.6707963439568194e-05
71.649649649649646	1.6521824506007844e-05
71.747747747747738	1.6335978929254683e-05
71.845845845845844	1.6150426002936594e-05
71.94394394394395	1.5965165023017817e-05
72.042042042042041	1.5780195287788797e-05
72.140140140140133	1.5595520263671773e-05
72.238238238238239	1.5411146333904584e-05
72.336336336336345	1.5227621685160979e-05
72.434434434434436	1.5057447857103659e-05
72.532532532532528	1.4902146525537843e-05
72.630630630630634	1.4747102033910202e-05
72.728728728728726	1.4592340884790337e-05
72.826826826826832	1.4437821559901841e-05
72.924924924924923	1.4283543482231843e-05
73.023023023023015	1.4129506076656631e-05
73.121121121121121	1.397570876993368e-05
73.219219219219212	1.3822150990693644e-05
73.317317317317318	1.3669229472448012e-05
73.41541541541541	1.3518722027275427e-05
73.513513513513516	1.3380200064373033e-05
73.611611611611607	1.3250034448699856e-05
73.709709709709699	1.3120076145319831e-05
73.807807807807805	1.2990337893553296e-05
73.905905905905911	1.286080809582042e-05
74.004004004004003	1.273147884602829e-05
74.102102102102094	1.2602349678087569e-05
74.2002002002002	1.2473463947041965e-05
74.298298298298306	1.2344777261236287e-05
74.396396396396398	1.221808101194297e-05
74.494494494494489	1.2091823173140763e-05
74.592592592592595	1.1974078533284211e-05
74.690690690690701	1.1864352896051157e-05
74.788788788788793	1.1754796156909994e-05
74.886886886886884	1.1645407919178588e-05
74.984984984984976	1.1536187787451199e-05
75.083083083083082	1.1427135367593102e-05
75.181181181181188	1.1318250266735294e-05
75.27927927927928	1.1209536652131903e-05
75.377377377377371	1.1101572677554667e-05
75.475475475475477	1.0994830192602386e-05
75.573573573573569	1.0888251000582735e-05
75.671671671671675	1.0784343751145975e-05
75.769769769769766	1.069120349182755e-05
75.867867867867872	1.0598205416465697e-05
75.965965965965964	1.0505349194027493e-05
76.064064064064056	1.0412634494534939e-05
76.162162162162161	1.0320060989060627e-05
76.260260260260267	1.0227628349723417e-05
76.358358358358359	1.0135336249684077e-05
76.456456456456451	1.0043905545044964e-05
76.554554554554556	9.9531873668685475e-06
76.652652652652662	9.8626068397562591e-06
76.750750750750754	9.7721636453063841e-06
76.848848848848846	9.6884818872584947e-06
76.946946946946937	9.6090072909377686e-06
77.045045045045043	9.5296529440949032e-06
77.143143143143149	9.450418569367022e-06
77.241241241241241	9.3713362018650645e-06
77.339339339339332	9.2923754305093923e-06
77.437437437437438	9.2135337391270783e-06
77.53553553553553	9.1353524037775323e-06
77.633633633633636	9.0577984411334878e-06
77.731731731731728	8.9803611990599674e-06
77.829829829829833	8.9030404098695281e-06
77.927927927927925	8.8258358067138115e-06
78.026026026026017	8.7558743287860935e-06
78.124124124124123	8.6877129161789634e-06
78.222222222222229	8.6196537348841109e-06
78.32032032032032	8.5516965512545771e-06
78.418418418418412	8.4838416712596961e-06
78.516516516516518	8.4161109633258288e-06
78.614614614614624	8.3486733128127315e-06
78.712712712712715	8.2819995906084069e-06
78.810810810810807	8.2154534862514362e-06
78.908908908908899	8.1490066521973013e-06
79.007007007007005	8.0826588628833459e-06
79.10510510510511	8.0164098934468254e-06
79.203203203203202	7.95578193787456e-06
79.301301301301294	7.8970149202122307e-06
79.3993993993994	7.8383352720119644e-06
79.497497497497491	7.7797427954246148e-06
79.595595595595597	7.7212372932127412e-06
79.693693693693689	7.6628185687482326e-06
79.791791791791795	7.6049690103849757e-06
79.889889889889886	7.5474212192033751e-06
79.987987987987978	7.4899586131226334e-06
80.086086086086084	7.4325959079573279e-06
80.18418418418419	7.3753243404930487e-06
80.282282282282281	7.3181414072239625e-06
80.380380380380373	7.2639266801399445e-06
80.478478478478479	7.2130000402471392e-06
80.576576576576585	7.1621484564915459e-06
80.674674674674677	7.1113717604496951e-06
80.772772772772768	7.0606697842137467e-06
80.87087087087086	7.0100423603894659e-06
80.96896896896898	6.9600145414187286e-06
81.067067067067072	6.910109003626108e-06
81.165165165165163	6.8602766998069696e-06
81.263263263263255	6.8105174663813629e-06
81.361361361361361	6.7608311402676146e-06
81.459459459459467	6.7112175588803846e-06
81.557557557557558	6.6616765601286912e-06
81.65565565565565	6.6170463253540256e-06
81.753753753753756	6.5727370359362445e-06
81.851851851851848	6.5284935939011272e-06
81.949949949949954	6.4843389034635533e-06
82.048048048048045	6.4402497428405633e-06
82.146146146146151	6.396654559412229e-06
82.244244244244243	6.3531698623764779e-06
82.342342342342334	6.309748431921958e-06
82.44044044044044	6.2663901279904247e-06
82.538538538538546	6.2230948109461809e-06
82.636636636636638	6.1798623415744319e-06
82.734734734734729	6.1366925810796195e-06
82.832832832832821	6.0944548569955606e-06
82.930930930930941	6.0556778321782313e-06
83.029029029029033	6.0169569597171688e-06
83.127127127127125	5.9782921158958308e-06
83.225225225225216	5.9396831773690518e-06
83.323323323323322	5.901398106978144e-06
83.421421421421428	5.8633131778337914e-06
83.51951951951952	5.8252968514397885e-06
83.617617617617611	5.7873445231566963e-06
83.715715715715717	5.7494468628197232e-06
83.813813813813809	5.7116037506619469e-06
83.911911911911915	5.6738150672737207e-06
84.010010010010006	5.6360806936013335e-06
84.108108108108112	5.5992275904045616e-06
84.206206206206204	5.5652250159365333e-06
84.304304304304296	5.5312712302406936e-06
84.402402402402402	5.4973661268460837e-06
84.500500500500507	5.4635670434330884e-06
84.598598598598599	5.4300913539293173e-06
84.696696696696691	5.3966635664218619e-06
84.794794794794782	5.363283576676231e-06
84.892892892892903	5.3299522275856871e-06
84.990990990990994	5.2966779593409458e-06
85.089089089089086	5.263457578909116e-06
85.187187187187178	5.230304039570168e-06
85.285285285285283	5.1971977158649742e-06
85.383383383383389	5.1642245782281149e-06
85.481481481481481	5.1342651588986818e-06
85.579579579579573	5.1043483381330504e-06
85.677677677677679	5.0744740238429263e-06
85.77577577577577	5.0447715894056023e-06
85.873873873873876	5.0152610918812138e-06
85.971971971971968	4.9857924411754465e-06
86.070070070070074	4.956365547083388e-06
86.168168168168165	4.9269803196646353e-06
86.266266266266257	4.897636669242272e-06
86.364364364364363	4.868334506401885e-06
86.462462462462469	4.8390737419905901e-06
86.56056056056056	4.8098559427362274e-06
86.658658658658652	4.780687130202653e-06
86.756756756756758	4.7531573629583938e-06
86.854854854854864	4.7267085539680468e-06
86.952952952952955	4.700296987793785e-06
87.051051051051047	4.6740477062244693e-06
87.149149149149139	4.6479471654329913e-06
87.247247247247259	4.6218833053673638e-06
87.345345345345351	4.5958560476910516e-06
87.443443443443442	4.5698653142949219e-06
87.541541541541534	4.5439110272964311e-06
87.63963963963964	4.5179931090387696e-06
87.737737737737746	4.4921114820900283e-06
87.835835835835837	4.4662660692423577e-06
87.933933933933929	4.4404567935111263e-06
88.032032032032035	4.4146835781340944e-06
88.130130130130127	4.3911001129254976e-06
88.228228228228232	4.3676278068709699e-06
88.326326326326324	4.3442696713479457e-06
88.42442442442443	4.3210806729823856e-06
88.522522522522522	4.2979348974901439e-06
88.620620620620613	4.2748213390447688e-06
88.718718718718719	4.2517399295245766e-06
88.816816816816825	4.2286906010035761e-06
88.914914914914917	4.2056732857507437e-06
89.013013013013008	4.1826879162292931e-06
89.1111111111111	4.1597344250959765e-06
89.209209209209206	4.1368127452003622e-06
89.307307307307312	4.1139228095841348e-06
89.405405405405403	4.0912696961476483e-06
89.503503503503495	4.0703596199353304e-06
89.601601601601601	4.0494784593831188e-06
89.699699699699707	4.0287954747574895e-06
89.797797797797799	4.0081430733326498e-06
89.89589589589589	3.9875191763067611e-06
89.993993993993996	3.966930219921364e-06
90.092092092092088	3.946377711822625e-06
90.190190190190194	3.9258662482795653e-06
90.288288288288285	3.905383004060748e-06
90.386386386386391	3.8849279202149807e-06
90.484484484484483	3.8645009379582682e-06
90.582582582582575	3.8441019986731735e-06
90.68068068068068	3.8237310439082298e-06
90.778778778778786	3.8034442534008251e-06
90.876876876876878	3.7847922720561452e-06
90.97497497497497	3.7662226864625007e-06
91.073073073073061	3.7477677341396744e-06
91.171171171171181	3.7293380325160806e-06
91.269269269269273	3.7109335291354875e-06
91.367367367367365	3.6925541716895521e-06
91.465465465465456	3.6741999080172998e-06
91.563563563563562	3.655870686104585e-06
91.661661661661668	3.6375693307005598e-06
91.75975975975976	3.6192990644995794e-06
91.857857857857852	3.6010677049468544e-06
91.955955955955957	3.5828625838223652e-06
92.054054054054049	3.5646822050005744e-06
92.152152152152155	3.5465265174437171e-06
92.250250250250247	3.5294615490849566e-06
92.348348348348352	3.5128510788044798e-06
92.446446446446444	3.4963168683908338e-06
92.544544544544536	3.4798050705410623e-06
92.642642642642642	3.4633156391413529e-06
92.740740740740748	3.4468485282065994e-06
92.838838838838839	3.4304036918799353e-06
92.936936936936931	3.4139810844322691e-06
93.035035035035023	3.3975806602618399e-06
93.133133133133128	3.3812023738937574e-06
93.231231231231234	3.3648461799795549e-06
93.329329329329326	3.3485120332967365e-06
93.427427427427418	3.3322051706186055e-06
93.525525525525524	3.3159306851766522e-06
93.623623623623629	3.2999999451970977e-06
93.721721721721721	3.2850886517682044e-06
93.819819819819813	3.270246848291601e-06
93.917917917917919	3.2554249783601787e-06
94.016016016016025	3.2406230013493425e-06
94.114114114114116	3.2258408767467385e-06
94.212212212212208	3.211078564151866e-06
94.310310310310314	3.1963360232756746e-06
94.408408408408405	3.1816132139401893e-06
94.506506506506511	3.1669100960780925e-06
94.604604604604603	3.1522266297323574e-06
94.702702702702709	3.1375627750558478e-06
94.800800800800801	3.1229184923109339e-06
94.898898898898892	3.1082937418691045e-06
94.996996996996998	3.0936884842105879e-06
95.095095095095104	3.079715951681199e-06
95.193193193193196	3.0663197623131405e-06
95.291291291291287	3.05295110976826e-06
95.389389389389379	3.0396032768567849e-06
95.487487487487485	3.0262732491744583e-06
95.585585585585591	3.0129609248806973e-06
95.683683683683682	2.9996662683115094e-06
95.781781781781774	2.9863892439002452e-06
95.87987987987988	2.9731298161772651e-06
95.977977977977986	2.959887949769593e-06
96.076076076076077	2.9466636094005933e-06
96.174174174174169	2.9334567598896166e-06
96.272272272272275	2.9202673661516767e-06
96.370370370370367	2.9070953931971251e-06
96.468468468468473	2.8939408061313015e-06
96.566566566566564	2.8814765640599331e-06
96.66466466466467	2.8693884895927868e-06
96.762762762762762	2.8573163522768635e-06
96.860860860860853	2.8452608913621534e-06
96.958958958958959	2.8332298745855911e-06
97.057057057057051	2.821221082142544e-06
97.155155155155157	2.8092306920956767e-06
97.253253253253249	2.797256212978527e-06
97.35135135135134	2.785297451107466e-06
97.449449449449446	2.7733543752012095e-06
97.547547547547552	2.7614269540627775e-06
97.645645645645644	2.7495151565792024e-06
97.743743743743735	2.737618951721233e-06
97.841841841841841	2.7257383085430562e-06
97.939939939939947	2.7138894022707179e-06
98.038038038038039	2.7026220070479387e-06
98.13613613613613	2.6918311548828001e-06
98.234234234234236	2.6810543953724161e-06
98.332332332332328	2.6702917006095682e-06
98.430430430430434	2.6595430427618551e-06
98.528528528528525	2.6488083940714482e-06
98.626626626626631	2.6380879834335868e-06
98.724724724724723	2.627389380223751e-06
98.822822822822815	2.6167093284030257e-06
98.920920920920921	2.6060448455761536e-06
99.019019019019026	2.5953947571381855e-06
99.117117117117118	2.5847584889588214e-06
99.21521521521521	2.574136013852715e-06
99.313313313313316	2.5635273047068876e-06
99.411411411411407	2.5529323344804921e-06
99.509509509509513	2.5423510762045521e-06
99.607607607607605	2.5317835029817346e-06
99.705705705705697	2.5212295879860954e-06
99.803803803803802	2.5106893044628409e-06
99.901901901901908	2.5001626257280918e-06
100	2.489649525168639e-06
