Mw	Cnd
2	5.6276097417766035e-08
3.0845738719138041	9.0410891552878617e-08
4.7033233098551364	1.4671712586163019e-07
6.3031393786091101	2.0950203444819378e-07
7.8838714966186032	2.7953562474807227e-07
9.4453648052742452	3.5774989055702661e-07
10.987459956324486	4.4514174543775441e-07
12.509992883998159	5.4290307463251746e-07
14.012794560385835	6.5234880862044433e-07
15.495690732453049	7.7511209120848416e-07
16.95850163885995	9.1291721649651352e-07
18.401041704534258	1.0679166143024264e-06
19.82311921068186	1.2425268606111398e-06
21.224535937616658	1.4395241093881105e-06
22.605086777439922	1.6621258478561934e-06
23.964559313191124	1.9142534361471331e-06
25.302733360615498	2.2005307184176073e-06
26.619380468135024	2.5265688609387384e-06
27.914263369952256	2.8984091590087748e-06
29.187135386440097	3.323765820621598e-06
30.437739765048978	3.8120440393832721e-06
31.665808953864076	4.374216346596884e-06
32.871063798628342	5.0229680529240915e-06
34.05321265246041	5.7753630662866557e-06
35.211950385574411	6.6506774257404595e-06
36.346957279965636	7.6734490616504739e-06
37.457897791152675	8.8740338996648492e-06
38.544419155517886	1.028973637930663e-05
39.606149817374195	1.1967781209271316e-05
40.642697644353291	1.3968481644094234e-05
41.653647892716528	1.6367073910384141e-05
42.638560875269988	1.92615687715329e-05
43.596969273078201	2.2778066007858658e-05
44.528375017221677	2.7083332539376398e-05
45.432245647164962	3.2394057339452368e-05
46.308010026073887	3.9001020805554357e-05
47.15505325798128	4.7292606169003264e-05
47.97271060309118	5.7798267706611373e-05
48.760260119717763	7.1230509947562199e-05
49.516913665039255	8.8569539258692332e-05
50.241805747142514	0.00011114268182509764
50.933979513398242	0.00014072459668242648
51.592368843902072	0.00017959239822762341
52.215775021451009	0.00023040746183796839
52.802835639568229	0.00029554617460692147
53.351982034678862	0.00037533037310975956
53.861379073698913	0.00046452186000616401
54.328836472947856	0.00054978059148308412
54.751671301165054	0.0006159814180763429
55.126479836722503	0.00065907444656449702
55.448721626464895	0.0006837295413843539
55.711845808583931	0.00069549718820121796
55.904944566226028	0.0006994156503802914
56	0.00069989226555223095
56.095055433773972	0.00069941726566925431
56.288154191416069	0.00069554218736590757
56.551278373535105	0.00068404465929317591
56.873520163277497	0.00066032828799384379
57.248328698834946	0.00061963451161294307
57.671163527052144	0.00055813940476025659
58.138620926301087	0.00047905437568444847
58.648017965321138	0.0003951683862034942
59.197164360431771	0.00031857397892206369
59.784224978548991	0.00025468871328323384
60.407631156097928	0.00020377806504779359
61.066020486601758	0.00016405775340937837
61.758194252857486	0.00013323250153283423
62.483086334960745	0.00010926551723372868
63.239739880282237	9.0515433995969475e-05
64.027289396908827	7.5724565346243543e-05
64.84494674201872	6.394552563400606e-05
65.691989973926113	5.4475320264556556e-05
66.567754352835038	4.6793038759790507e-05
67.471624982778323	4.0501488314493656e-05
68.403030726921799	3.5305797512181885e-05
69.361439124730012	3.0980092786460161e-05
70.346352107283479	2.7350638864221884e-05
71.357302355646709	2.42832925734455e-05
72.393850182625812	2.1673587876771413e-05
73.455580844482114	1.9439555993568291e-05
74.542102208847325	1.7514503572554277e-05
75.653042720034364	1.5848253469243439e-05
76.788049614425589	1.4397502399240844e-05
77.946787347539583	1.3127870689233592e-05
79.128936201371658	1.2012242175930366e-05
80.334191046135928	1.1027475724746108e-05
81.562260234951026	1.0154519403099471e-05
82.812864613559896	9.3776900680229232e-06
84.085736630047748	8.6838583641007835e-06
85.38061953186498	8.0624089492400587e-06
86.697266639384509	7.5034281919686223e-06
88.035440686808869	6.9993955875467475e-06
89.394913222560078	6.5433765545645722e-06
90.77546406238335	6.1296284651680759e-06
92.176880789318147	5.7534953414436496e-06
93.598958295465735	5.4103202792108291e-06
95.041498361140043	5.0969055172765519e-06
96.504309267546944	4.8093784000217006e-06
97.987205439614172	4.5454942222397412e-06
100	4.225409231278238e-06

