Mw	P
2	2.0028775922932643e-10
2.0980980980980979	2.1773660974771496e-10
2.1961961961961962	2.3547728443517828e-10
2.2942942942942941	2.5350702452085462e-10
2.3923923923923924	2.7182194648570078e-10
2.4904904904904903	2.9041732290465844e-10
2.5885885885885886	3.092877970681888e-10
2.6866866866866865	3.2842754841150734e-10
2.7847847847847849	3.4783042097613267e-10
2.8828828828828827	3.6749002379603639e-10
2.9809809809809811	3.8740124405302351e-10
3.079079079079079	4.0756294337753054e-10
3.1771771771771773	4.2813070334281663e-10
3.2752752752752752	4.5219427375776826e-10
3.3733733733733731	4.8003616195987168e-10
3.4714714714714714	5.0896991872502931e-10
3.5695695695695697	5.3860815605005462e-10
3.6676676676676676	5.6878581627792883e-10
3.7657657657657655	5.9926111346595257e-10
3.8638638638638643	6.3002543605743593e-10
3.9619619619619622	6.6107021177167826e-10
4.06006006006006	6.923869334525858e-10
4.1581581581581579	7.2934095515765225e-10
4.2562562562562558	7.7107915774046327e-10
4.3543543543543546	8.1315360435504062e-10
4.4524524524524525	8.5555332383016275e-10
4.5505505505505504	8.9940073106371504e-10
4.6486486486486491	9.436371720215265e-10
4.7467467467467461	9.8889904012623028e-10
4.8448448448448449	1.0349762114454085e-09
4.9429429429429428	1.0813614263006502e-09
5.0410410410410407	1.1418786627918411e-09
5.1391391391391394	1.2052612541711385e-09
5.2372372372372364	1.2690355221384551e-09
5.3353353353353352	1.3331871376928381e-09
5.433433433433434	1.3977020469196407e-09
5.531531531531531	1.4626942453546754e-09
5.6296296296296298	1.5297356189454722e-09
5.7277277277277285	1.5971200747611617e-09
5.8258258258258255	1.6755182641472383e-09
5.9239239239239243	1.7718183136613048e-09
6.0220220220220222	1.8687702310944149e-09
6.1201201201201201	1.9661730531012149e-09
6.218218218218218	2.0640080925590451e-09
6.3163163163163158	2.1623342102739794e-09
6.4144144144144146	2.2614631748984189e-09
6.5125125125125125	2.3609785525008675e-09
6.6106106106106104	2.4708693296351446e-09
6.7087087087087083	2.619834001897016e-09
6.8068068068068062	2.7693569077638782e-09
6.9049049049049049	2.9194124018485562e-09
7.0030030030030028	3.070605851807804e-09
7.1011011011011007	3.2236505352807585e-09
7.1991991991991986	3.3771735767790576e-09
7.2972972972972974	3.5311513624681171e-09
7.3953953953953953	3.7047409391315189e-09
7.4934934934934931	3.9380981897969721e-09
7.591591591591591	4.17214668631359e-09
7.6896896896896889	4.4110379337935601e-09
7.7877877877877877	4.6505335055093413e-09
7.8858858858858856	4.8906207868042239e-09
7.9839839839839835	5.1319033538678559e-09
8.0820820820820813	5.373700442179877e-09
8.1801801801801801	5.6955894782093537e-09
8.2782782782782789	6.0790801742771671e-09
8.3763763763763777	6.463340648989349e-09
8.4744744744744729	6.8483217243892064e-09
8.5725725725725717	7.2339754922546771e-09
8.6706706706706704	7.62567245698072e-09
8.7687687687687692	8.0190401262420668e-09
8.866866866866868	8.4468344626063058e-09
8.9649649649649632	9.0889417378294038e-09
9.063063063063062	9.7319630865640116e-09
9.1611611611611607	1.0375825860948858e-08
9.2592592592592595	1.1024436706248243e-08
9.3573573573573583	1.1674150411398019e-08
9.4554554554554571	1.2324616638669692e-08
9.5535535535535523	1.2976513432558911e-08
9.6516516516516511	1.4092431557275923e-08
9.7497497497497498	1.5215195425091194e-08
9.8478478478478486	1.6338916123368027e-08
9.9459459459459474	1.7463484897899222e-08
10.044044044044044	1.8588795884129979e-08
10.142142142142141	1.9714746038813756e-08
10.24024024024024	2.0949722103941087e-08
10.338338338338339	2.2965517546464924e-08
10.436436436436436	2.4982308267314692e-08
10.534534534534535	2.700323346001047e-08
10.632632632632632	2.9036890353817857e-08
10.73073073073073	3.1071089861617782e-08
10.828828828828829	3.3105668484648263e-08
10.926926926926926	3.6102989205073945e-08
11.025025025025025	3.9908690570929426e-08
11.123123123123122	4.3715581876788693e-08
11.221221221221221	4.7522598300182659e-08
11.31931931931932	5.1333763611739154e-08
11.417417417417417	5.5149770898679941e-08
11.515515515515515	5.9960666357549914e-08
11.613613613613612	6.7527154781679468e-08
11.711711711711711	7.5092450551995556e-08
11.80980980980981	8.2656038531061588e-08
11.907907907907907	9.021741757553575e-08
12.006006006006006	9.7776100197858327e-08
12.104104104104103	1.0771974498921681e-07
12.202202202202201	1.2359484346352774e-07
12.3003003003003	1.3946453279030083e-07
12.398398398398397	1.5536236284341644e-07
12.496496496496496	1.7126733838713278e-07
12.594594594594595	1.8716444997398236e-07
12.692692692692692	2.1557130267269493e-07
12.790790790790791	2.5133727998055419e-07
12.888888888888888	2.8708059454479517e-07
12.986986986986986	3.2279931686828274e-07
13.085085085085085	3.5849157064500453e-07
13.183183183183182	4.0970234679421511e-07
13.281281281281281	4.969418271649735e-07
13.379379379379378	5.8415344507278274e-07
13.477477477477477	6.7129300780523883e-07
13.575575575575575	7.5835541590149797e-07
13.673673673673672	8.9206757446947236e-07
13.771771771771771	1.1260075080299045e-06
13.86986986986987	1.3597286024333419e-06
13.967967967967967	1.5932204252160494e-06
14.066066066066066	1.8264745173346337e-06
14.164164164164164	2.3847566842729289e-06
14.262262262262263	3.0853419788053093e-06
14.360360360360358	3.7852045390144591e-06
14.458458458458457	4.4842860043458538e-06
14.556556556556556	5.9357163426581463e-06
14.654654654654655	8.2971766327254599e-06
14.752752752752754	1.065587572637562e-05
14.850850850850849	1.3011725442747513e-05
14.948948948948948	1.9233184991122725e-05
15.047047047047046	2.7868893040194974e-05
15.145145145145145	3.649367995815924e-05
15.243243243243244	4.9142396161995879e-05
15.341341341341339	7.6648384388437803e-05
15.439439439439438	0.00010411781954161157
15.537537537537537	0.00013498798429809454
15.635635635635635	0.00017427613369642081
15.733733733733734	0.00021350888780341268
15.831831831831833	0.00023411369343427158
15.929929929929928	0.00025036733849909126
16.028028028028025	0.00025076808604935455
16.126126126126124	0.00023829604291527871
16.224224224224223	0.00021772929140241836
16.322322322322321	0.00018574256231148131
16.42042042042042	0.00014818271234987379
16.518518518518519	0.00011383550346657358
16.616616616616618	8.7546176546782868e-05
16.714714714714717	6.1297080711653553e-05
16.812812812812815	4.1367775484485674e-05
16.910910910910914	3.2713936496728036e-05
17.009009009009006	2.4073780000101703e-05
17.107107107107105	1.5447639606987965e-05
17.205205205205203	1.2700154017450513e-05
17.303303303303302	1.0223866598701592e-05
17.401401401401401	7.7516599715805687e-06
17.4994994994995	5.4858431784271246e-06
17.597597597597598	4.7173682233632615e-06
17.695695695695697	3.9501878394929879e-06
17.793793793793796	3.1843180012832556e-06
17.891891891891895	2.4198107122349614e-06
17.989989989989986	2.0935950769154941e-06
18.088088088088089	1.8293012182947583e-06
18.186186186186188	1.5654790815119475e-06
18.284284284284283	1.3021335197735932e-06
18.382382382382382	1.0804329330798979e-06
18.48048048048048	9.8005810437467211e-07
18.578578578578579	8.7987292623787849e-07
18.676676676676678	7.8305341033041003e-07
18.774774774774773	6.8693453499609916e-07
18.872872872872872	6.0708729133488171e-07
18.970970970970971	5.7046708711083269e-07
19.069069069069069	5.3393087454891691e-07
19.167167167167168	4.9747908530513107e-07
19.265265265265263	4.6313694424712428e-07
19.363363363363362	4.3402636588293531e-07
19.461461461461461	4.2727977029973416e-07
19.55955955955956	4.2214555872853466e-07
19.657657657657658	4.1743389250276867e-07
19.755755755755754	4.1276196138761024e-07
19.853853853853852	4.0813147277214548e-07
19.951951951951951	4.2171714854579619e-07
20.05005005005005	4.4311537641471423e-07
20.148148148148149	4.6453075371423229e-07
20.246246246246244	4.8596241313411254e-07
20.344344344344343	5.0778466597287758e-07
20.442442442442442	5.3027985108500971e-07
20.54054054054054	5.9063694480904117e-07
20.638638638638639	6.5435251448695548e-07
20.736736736736734	7.1806466023465425e-07
20.834834834834833	7.8177167264952225e-07
20.932932932932932	8.4547187140956735e-07
21.031031031031031	9.4301975618730958e-07
21.129129129129129	1.0987442344164013e-06
21.227227227227225	1.257363469389849e-06
21.325325325325323	1.4159470687537728e-06
21.423423423423422	1.5744835699158208e-06
21.521521521521521	1.7599059171620408e-06
21.61961961961962	2.1617281622931948e-06
21.717717717717715	2.5634101894017425e-06
21.815815815815814	2.9664869104811779e-06
21.913913913913913	3.3726156400238381e-06
22.012012012012011	3.9384215300147683e-06
22.11011011011011	5.0417449894225661e-06
22.208208208208205	6.1445941830204518e-06
22.306306306306304	7.2469457056292211e-06
22.404404404404403	8.3487765684214524e-06
22.502502502502502	1.0978351885400279e-05
22.6006006006006	1.41226190963239e-05
22.698698698698696	1.726531737727983e-05
22.796796796796794	2.0406374961736503e-05
22.894894894894893	2.7074832208279369e-05
22.992992992992992	3.5270343091127698e-05
23.091091091091091	4.3461304024337135e-05
23.189189189189189	5.2230109037155396e-05
23.287287287287285	6.5878675151368753e-05
23.385385385385383	7.951910887914269e-05
23.483483483483482	9.3087093916785873e-05
23.581581581581581	0.00010307028168265535
23.67967967967968	0.00011304683110893477
23.777777777777775	0.00012013617338593532
23.875875875875874	0.00012432503628729375
23.973973973973973	0.00012622550806959843
24.072072072072071	0.00012520570424081313
24.17017017017017	0.000120841066870764
24.268268268268265	0.00011589191514450119
24.366366366366364	0.00010606484510780524
24.464464464464463	9.6173835340089705e-05
24.562562562562562	8.5005496734399602e-05
24.66066066066066	7.2280880378487443e-05
24.758758758758756	5.9565305146656149e-05
24.856856856856854	4.8659086549299807e-05
24.954954954954953	4.0939691324774129e-05
25.053053053053052	3.336212031383875e-05
25.151151151151151	2.5790380550660983e-05
25.24924924924925	2.186829570483442e-05
25.347347347347345	1.902532493270634e-05
25.445445445445444	1.6184745595397434e-05
25.543543543543542	1.3698909054213204e-05
25.641641641641641	1.2720709165441465e-05
25.73973973973974	1.2299535590639871e-05
25.837837837837835	1.1879075711278006e-05
25.935935935935934	1.1459332499209984e-05
26.034034034034033	1.2171943925618545e-05
26.132132132132131	1.3594269590485024e-05
26.23023023023023	1.5016366244369308e-05
26.328328328328329	1.6438245576640323e-05
26.426426426426424	1.8664564695195128e-05
26.524524524524526	2.3033138051061344e-05
26.622622622622622	2.7564075764720577e-05
26.720720720720717	3.2093419260658118e-05
26.818818818818819	3.7412801276749948e-05
26.916916916916914	4.7151859985995647e-05
27.015015015015017	5.6896561146863993e-05
27.113113113113112	6.6726135033360549e-05
27.211211211211207	7.7665821404218673e-05
27.30930930930931	8.975555462748265e-05
27.407407407407405	0.00010183984503750895
27.505505505505507	0.0001123544548293972
27.603603603603602	0.00011989612747045013
27.701701701701698	0.00012745545725306148
27.7997997997998	0.00013154234723192126
27.897897897897895	0.00013461215042841678
27.995995995995997	0.00013525930667821951
28.094094094094093	0.00013383890234690946
28.192192192192188	0.0001298492529984994
28.29029029029029	0.00012529983563076892
28.388388388388385	0.00011738281705849741
28.486486486486488	0.00010946939809221557
28.584584584584583	9.9445531893964807e-05
28.682682682682678	8.786278309394057e-05
28.780780780780781	7.6287565210148117e-05
28.878878878878876	6.5638907848330444e-05
28.976976976976978	5.6219703138837775e-05
29.075075075075073	4.6805619913261352e-05
29.173173173173176	3.7396771169835373e-05
29.271271271271271	3.1649236085376978e-05
29.369369369369366	2.7018182191705266e-05
29.467467467467468	2.2392171763948264e-05
29.565565565565564	1.7770792836826408e-05
29.663663663663666	1.4883474874442577e-05
29.761761761761761	1.2985792571193749e-05
29.859859859859856	1.1089260494741985e-05
29.957957957957959	9.1938976380303342e-06
30.056056056056054	7.3793143845477748e-06
30.154154154154156	6.6101567082420548e-06
30.252252252252251	5.8423650506007821e-06
30.350350350350347	5.0750652618537431e-06
30.448448448448449	4.308271469711282e-06
30.546546546546544	3.5839938391195368e-06
30.644644644644647	3.2574234498413085e-06
30.742742742742742	2.9310741180679516e-06
30.840840840840837	2.6053836132186864e-06
30.938938938938939	2.2807079757291804e-06
31.037037037037035	1.9562584752878409e-06
31.135135135135137	1.7615816995669931e-06
31.233233233233232	1.6144779633288281e-06
31.331331331331327	1.4674781079608712e-06
31.42942942942943	1.3205835081858378e-06
31.527527527527525	1.1737955173037581e-06
31.625625625625627	1.0276874094863145e-06
31.723723723723722	9.5706034635514086e-07
31.821821821821825	8.8666934373002623e-07
31.91991991991992	8.1633097938982686e-07
32.018018018018012	7.4604586796222708e-07
32.116116116116117	6.7581461439430127e-07
32.214214214214209	6.0563781407699596e-07
32.312312312312315	5.6646725747256192e-07
32.410410410410407	5.3082618295936166e-07
32.508508508508505	4.9522417183748207e-07
32.606606606606604	4.5965465325296407e-07
32.704704704704703	4.2411382171870883e-07
32.802802802802802	3.8860195854597487e-07
32.900900900900901	3.6094643510791491e-07
32.998998998998999	3.4188074582848615e-07
33.097097097097098	3.2283127262650024e-07
33.195195195195197	3.0401303267030637e-07
33.293293293293296	2.8524703704837843e-07
33.391391391391394	2.6649735382709188e-07
33.489489489489486	2.4776411831500599e-07
33.587587587587592	2.3494465701725633e-07
33.685685685685684	2.2445274035889661e-07
33.78378378378379	2.1397047139825927e-07
33.881881881881881	2.0349792167078269e-07
33.979979979979973	1.931077040553158e-07
34.078078078078079	1.8284677218361722e-07
34.176176176176178	1.7270092411602395e-07
34.274274274274276	1.6532593060787136e-07
34.372372372372375	1.5952633165107969e-07
34.470470470470467	1.5373285708844123e-07
34.568568568568566	1.4794693335087068e-07
34.666666666666664	1.4216803234581443e-07
34.764764764764763	1.3639674361742224e-07
34.862862862862862	1.3071616424274056e-07
34.960960960960961	1.2565085808632862e-07
35.059059059059059	1.2238383918547278e-07
35.157157157157158	1.1912079985076579e-07
35.255255255255257	1.1594786556863971e-07
35.353353353353356	1.128880302378633e-07
35.451451451451454	1.0983240604696688e-07
35.549549549549546	1.0678118681639028e-07
35.647647647647645	1.0373568067543553e-07
35.745745745745744	1.0150652034282457e-07
35.843843843843842	9.989329224084509e-08
35.941941941941941	9.8282920235269736e-08
36.04004004004004	9.6683136022811057e-08
36.138138138138139	9.508624997707802e-08
36.236236236236238	9.3492239682758618e-08
36.334334334334336	9.1901108690978977e-08
36.432432432432435	9.0550111052157462e-08
36.530530530530527	8.9693980388786339e-08
36.628628628628626	8.9216957572875726e-08
36.726726726726724	8.8756396205740529e-08
36.824824824824823	8.8298079035483345e-08
36.922922922922922	8.7842001818931362e-08
37.021021021021021	8.7388160269144771e-08
37.119119119119119	8.6936550056404839e-08
37.217217217217218	8.6497553173628669e-08
37.315315315315317	8.6205230077902782e-08
37.413413413413416	8.6258334609020379e-08
37.511511511511507	8.6529921536858653e-08
37.609609609609606	8.6999156157915298e-08
37.707707707707705	8.7470763559367102e-08
37.805805805805804	8.794484060664051e-08
37.903903903903903	8.8420845797625782e-08
38.002002002002001	8.8898768187597244e-08
38.1001001001001	8.9378596867988052e-08
38.198198198198199	9.0086203106879053e-08
38.296296296296298	9.0876980624045046e-08
38.394394394394396	9.1680876922344485e-08
38.492492492492488	9.2497920481550645e-08
38.590590590590594	9.35818712497419e-08
38.688688688688686	9.4956048369234614e-08
38.786786786786784	9.6332296014186618e-08
38.884884884884883	9.7710897086825262e-08
38.982982982982982	9.9091311074679229e-08
39.081081081081081	1.0065162345757538e-07
39.179179179179179	1.0223032828192329e-07
39.277277277277278	1.0381058296030613e-07
39.375375375375377	1.0539236981548504e-07
39.473473473473469	1.069983963320322e-07
39.571571571571575	1.0861782744439669e-07
39.669669669669666	1.1074785591022692e-07
39.767767767767765	1.1315687888623938e-07
39.865865865865864	1.1556780371860281e-07
39.963963963963963	1.1808510738979459e-07
40.062062062062061	1.2062752478711768e-07
40.16016016016016	1.2317162724932408e-07
40.258258258258259	1.2571738994143934e-07
40.356356356356358	1.2826478820067268e-07
40.454454454454449	1.3081848847704358e-07
40.552552552552555	1.333902447271039e-07
40.650650650650647	1.3607394808823294e-07
40.748748748748746	1.3981119393831289e-07
40.846846846846844	1.4358923726703377e-07
40.944944944944943	1.4741551820662752e-07
41.043043043043042	1.5124392932437808e-07
41.141141141141141	1.5507452858820664e-07
41.23923923923924	1.5890701270731031e-07
41.337337337337338	1.6274134787003204e-07
41.43543543543543	1.6657783780377046e-07
41.533533533533536	1.7042314800831553e-07
41.631631631631627	1.7428401111973778e-07
41.729729729729733	1.7948649557801504e-07
41.827827827827825	1.8511970364254063e-07
41.925925925925924	1.9076478240681937e-07
42.024024024024023	1.964121839071919e-07
42.122122122122121	2.0206186108126018e-07
42.22022022022022	2.0771399288806121e-07
42.318318318318319	2.1336843144096369e-07
42.416416416416411	2.1902500572342393e-07
42.514514514514516	2.2468582906804734e-07
42.612612612612608	2.3035193583700188e-07
42.710710710710714	2.3791938519082024e-07
42.808808808808806	2.4622571556572798e-07
42.906906906906904	2.54536473879807e-07
43.005005005005003	2.6285006271927064e-07
43.103103103103102	2.7116641702128275e-07
43.201201201201201	2.7948547220023426e-07
43.2992992992993	2.8780716414433665e-07
43.397397397397391	2.9613162172671472e-07
43.495495495495497	3.0445867332262724e-07
43.593593593593589	3.1279025319417945e-07
43.691691691691695	3.2487169778548805e-07
43.789789789789786	3.3719689201177622e-07
43.887887887887885	3.4953022603486754e-07
43.985985985985984	3.6186705966604929e-07
44.084084084084083	3.7420730179968239e-07
44.182182182182181	3.865508619994816e-07
44.28028028028028	3.9889765049374768e-07
44.378378378378379	4.1124757817063519e-07
44.476476476476478	4.236005565734572e-07
44.574574574574569	4.387858160073507e-07
44.672672672672675	4.5715483332840907e-07
44.770770770770767	4.7563242574768841e-07
44.868868868868873	4.9415713370590826e-07
44.966966966966964	5.1268618382467556e-07
45.065065065065063	5.3121944669643051e-07
45.163163163163162	5.4975679386415093e-07
45.261261261261261	5.6829809781461986e-07
45.35935935935936	5.8684323197173213e-07
45.457457457457458	6.0783328146972249e-07
45.55555555555555	6.3588590296997535e-07
45.653653653653656	6.6394440248184235e-07
45.751751751751748	6.9214631999792086e-07
45.849849849849853	7.2041796391687458e-07
45.947947947947945	7.4869704905099383e-07
46.046046046046044	7.7698130430974108e-07
46.144144144144143	8.0527054409941236e-07
46.242242242242241	8.3356458418863393e-07
46.34034034034034	8.6690865079115265e-07
46.438438438438439	9.1052297578923366e-07
46.536536536536531	9.5414482143510003e-07
46.634634634634637	9.9777390639099634e-07
46.732732732732728	1.0416933799677234e-06
46.830830830830834	1.0856211821723276e-06
46.928928928928926	1.12956683650185e-06
47.027027027027025	1.1735195731733303e-06
47.125125125125123	1.2174782838565895e-06
47.223223223223222	1.2789923422995648e-06
47.321321321321321	1.3482203213673345e-06
47.41941941941942	1.4174577930454527e-06
47.517517517517511	1.4867043314930823e-06
47.615615615615617	1.5561925058583663e-06
47.713713713713709	1.625896202414439e-06
47.811811811811815	1.6956078224902907e-06
47.909909909909906	1.765326949715219e-06
48.008008008008012	1.8503580774336599e-06
48.106106106106104	1.9626193769823647e-06
48.204204204204203	2.0748932102697313e-06
48.302302302302301	2.1871787286890053e-06
48.4004004004004	2.2994751623410854e-06
48.498498498498499	2.4120204812932157e-06
48.596596596596598	2.5250311624904149e-06
48.694694694694689	2.6380509644084137e-06
48.792792792792795	2.7754304174693192e-06
48.890890890890887	2.9618999013233374e-06
48.988988988988993	3.1483845575820112e-06
49.087087087087085	3.334886803021267e-06
49.185185185185183	3.5214044152846517e-06
49.283283283283282	3.7079348396225692e-06
49.381381381381381	3.8949712688414446e-06
49.47947947947948	4.0826380431121189e-06
49.577577577577578	4.3505780159979258e-06
49.67567567567567	4.6680636541525912e-06
49.773773773773776	4.985566460926743e-06
49.871871871871868	5.303084709260602e-06
49.969969969969974	5.620616684676737e-06
50.068068068068065	5.9381606851931546e-06
50.166166166166164	6.2557152591598136e-06
50.264264264264263	6.6285354286109449e-06
50.362362362362362	7.1826111681691376e-06
50.46046046046046	7.7367053306365347e-06
50.558558558558559	8.2908148628051364e-06
50.656656656656658	8.8449365480723915e-06
50.754754754754757	9.3990675181509697e-06
50.852852852852848	9.9532050017167157e-06
50.950950950950954	1.0582083905690396e-05
51.049049049049053	1.1569846217198809e-05
51.147147147147152	1.2559071742165578e-05
51.245245245245243	1.3548302782462534e-05
51.343343343343342	1.4537535297229165e-05
51.441441441441434	1.5526765782193425e-05
51.539539539539547	1.6515986955314835e-05
51.637637637637638	1.7875269971393511e-05
51.735735735735737	1.9666422813197182e-05
51.833833833833829	2.1460305713985527e-05
51.931931931931928	2.3256670545888315e-05
52.030030030030034	2.5052997715094231e-05
52.128128128128132	2.6849278615710103e-05
52.226226226226224	2.8801723612057739e-05
52.324324324324323	3.2064194138359112e-05
52.422422422422414	3.5326570515075259e-05
52.520520520520527	3.8588838016150211e-05
52.618618618618619	4.1858658396794263e-05
52.716716716716718	4.5129874788721294e-05
52.81481481481481	4.870891872323282e-05
52.912912912912908	5.4501849992987235e-05
53.011011011011014	6.029451052069875e-05
53.109109109109113	6.6086873501826742e-05
53.207207207207205	7.1878912540421176e-05
53.305305305305303	7.7678283231046632e-05
53.403403403403395	8.5400180001046202e-05
53.501501501501508	9.4859042373563189e-05
53.5995995995996	0.00010431728354290481
53.697697697697699	0.0001137748616716263
53.79579579579579	0.00012323173676333094
53.893893893893889	0.00013380560204668103
53.991991991991995	0.00014664593439883848
54.090090090090094	0.00015950213792710136
54.188188188188185	0.00017235723055465053
54.286286286286284	0.00018521115708947699
54.384384384384376	0.00019809632256548307
54.482482482482489	0.00021100507394055065
54.58058058058058	0.00022391249176874204
54.678678678678679	0.00023685850077944954
54.776776776776771	0.00024899329627864694
54.87487487487487	0.0002587318934837013
54.972972972972975	0.00026846924645401401
55.071071071071074	0.0002782053158600264
55.169169169169166	0.00028643568366913544
55.267267267267265	0.00029275100976974567
55.365365365365356	0.00029912185859994923
55.463463463463469	0.00030506767509986085
55.561561561561561	0.00030861528411681312
55.65965965965966	0.00031216210103216673
55.757757757757751	0.0003147074046161236
55.855855855855857	0.00031618254200503371
55.953953953953956	0.0003170820674516307
56.052052052052055	0.00031686147680897895
56.150150150150147	0.00031551277134997754
56.248248248248245	0.00031359926550371295
56.346346346346351	0.00031049968848167813
56.44444444444445	0.00030676031887262877
56.542542542542542	0.00030304946100146623
56.64064064064064	0.00029706673980115671
56.738738738738732	0.00029086243365267873
56.836836836836838	0.00028465869173808421
56.934934934934937	0.00027676795355812268
57.033033033033036	0.00026785683923879496
57.131131131131127	0.00025894678915428854
57.229229229229226	0.00025003783801555234
57.327327327327332	0.00023910834603520819
57.425425425425431	0.00022764567316763492
57.523523523523522	0.00021618127084762988
57.621621621621621	0.00020471852355876598
57.719719719719713	0.00019334422682639154
57.817817817817819	0.00018194375705449844
57.915915915915917	0.00017047817389379387
58.014014014014016	0.0001590143997949563
58.112112112112108	0.00014755247649838395
58.210210210210207	0.00013812730762145336
58.308308308308312	0.000129480387305069
58.406406406406411	0.00012083490937127135
58.504504504504503	0.00011211177996561862
58.602602602602602	0.0001033257771550905
58.700700700700693	9.6322128031491974e-05
58.798798798798799	9.0759151826702797e-05
58.896896896896898	8.5183789777533968e-05
58.994994994994997	7.9547642018782473e-05
59.093093093093088	7.3865047454062027e-05
59.191191191191187	6.8116589427769312e-05
59.289289289289293	6.4590621589472836e-05
59.387387387387392	6.11094031753587e-05
59.485485485485484	5.7628815025169097e-05
59.583583583583582	5.4104596400487531e-05
59.681681681681674	5.0497587481722701e-05
59.77977977977978	4.6891260250243965e-05
59.877877877877879	4.4628478620885079e-05
59.975975975975977	4.2293863527713219e-05
60.074074074074069	3.9959672136480799e-05
60.172172172172168	3.7625911834652854e-05
60.270270270270274	3.525471870327403e-05
60.368368368368373	3.2777774997975179e-05
60.466466466466464	3.0780256016190893e-05
60.564564564564563	2.9102691648739967e-05
60.662662662662655	2.7425431248266399e-05
60.76076076076076	2.5715913719427581e-05
60.858858858858859	2.4005562638442985e-05
60.956956956956958	2.2295537007773548e-05
61.05505505505505	2.0585842263663996e-05
61.153153153153148	1.9295879129573275e-05
61.251251251251254	1.8157608115039599e-05
61.349349349349353	1.7019553472264304e-05
61.447447447447445	1.5881718970335035e-05
61.545545545545544	1.4744107817941227e-05
61.643643643643649	1.3613708420863351e-05
61.741741741741741	1.2657889419215011e-05
61.83983983983984	1.1906399056793599e-05
61.937937937937939	1.1196189343446828e-05
62.03603603603603	1.0486123368106161e-05
62.134134134134136	9.7762033525919701e-06
62.232232232232235	9.132082001951221e-06
62.330330330330334	8.5658393296501292e-06
62.428428428428425	7.9997220692349679e-06
62.526526526526524	7.4952003317843257e-06
62.62462462462463	7.0681216982063837e-06
62.722722722722722	6.6411355403817607e-06
62.820820820820821	6.2590478942567653e-06
62.918918918918919	5.9233368610189755e-06
63.017017017017011	5.5877036343452533e-06
63.115115115115117	5.2521491737531796e-06
63.213213213213216	4.9166744449320902e-06
63.311311311311314	4.6398571959366788e-06
63.409409409409406	4.3931282125218839e-06
63.507507507507505	4.1912882164515901e-06
63.605605605605611	3.9894970873359051e-06
63.703703703703702	3.787755329515683e-06
63.801801801801801	3.5860634993207838e-06
63.8998998998999	3.3844221490876611e-06
63.997997997997992	3.1828318271843201e-06
64.09609609609609	3.0286324411553636e-06
64.194194194194196	2.9047436944695864e-06
64.292292292292302	2.7808864368831537e-06
64.390390390390394	2.6570610006348418e-06
64.488488488488485	2.5332677155742293e-06
64.586586586586591	2.4095069117801103e-06
64.684684684684683	2.2857789225712036e-06
64.782782782782789	2.1694319593372893e-06
64.880880880880881	2.0733550632115233e-06
64.978978978978972	1.9955588296949758e-06
65.077077077077078	1.917783481408359e-06
65.175175175175184	1.8400292161845323e-06
65.273273273273276	1.7622962328366368e-06
65.371371371371367	1.6845847287414224e-06
65.469469469469459	1.6075252915682253e-06
65.567567567567579	1.5396029536331307e-06
65.665665665665671	1.4717002558260441e-06
65.763763763763762	1.4169091406730649e-06
65.861861861861854	1.3669345363128274e-06
65.959959959959946	1.3169741388249328e-06
66.058058058058066	1.2670280727776596e-06
66.156156156156158	1.2170964676632602e-06
66.254254254254249	1.1693135587137847e-06
66.352352352352355	1.1250985749397919e-06
66.450450450450447	1.0808969482150242e-06
66.548548548548553	1.036708745230703e-06
66.646646646646644	1.0016394644827199e-06
66.74474474474475	9.6879695547822528e-07
66.842842842842842	9.3596434376941217e-07
66.940940940940934	9.0314177251008779e-07
67.039039039039039	8.7158781467741714e-07
67.137137137137131	8.4217072836355138e-07
67.235235235235237	8.127628365264306e-07
67.333333333333329	7.8336420600366655e-07
67.43143143143142	7.5397490314155468e-07
67.529529529529526	7.289235707836775e-07
67.627627627627632	7.068842423577869e-07
67.725725725725724	6.8485180951477537e-07
67.823823823823815	6.6295494324057946e-07
67.921921921921921	6.4300115794738178e-07
68.020020020020027	6.2305382072904157e-07
68.118118118118119	6.0311297519872541e-07
68.21621621621621	5.8317866464789443e-07
68.314314314314316	5.6325108320567885e-07
68.412412412412422	5.4379261805912893e-07
68.510510510510514	5.2871312783531889e-07
68.608608608608606	5.1363854930623885e-07
68.706706706706711	4.9915267431715452e-07
68.804804804804803	4.8537298303209882e-07
68.902902902902909	4.7159791199423087e-07
69.001001001001001	4.5782748998640699e-07
69.099099099099092	4.4406175062576191e-07
69.197197197197198	4.3030072057973836e-07
69.29529529529529	4.1654445200812072e-07
69.393393393393396	4.0384959894657846e-07
69.491491491491487	3.93345902968974e-07
69.589589589589593	3.8329845940597232e-07
69.687687687687685	3.7361850108841599e-07
69.785785785785777	3.6394202413185349e-07
69.883883883883883	3.5426892224717757e-07
69.981981981981988	3.4459921462072862e-07
70.08008008008008	3.3493292029577088e-07
70.178178178178172	3.2527005817336589e-07
70.276276276276278	3.1561064701324635e-07
70.374374374374383	3.0658710376973396e-07
70.472472472472475	2.9934326310827057e-07
70.570570570570567	2.9243641747297061e-07
70.668668668668673	2.8553204691719999e-07
70.766766766766764	2.7863017643674523e-07
70.86486486486487	2.7173081986891818e-07
70.962962962962962	2.6483397084880735e-07
71.061061061061054	2.5793964227264796e-07
71.159159159159159	2.5104788456923861e-07
71.257257257257251	2.4415875511512302e-07
71.355355355355357	2.3727218406144114e-07
71.453453453453449	2.3220779389085486e-07
71.551551551551555	2.2720952159980554e-07
71.649649649649646	2.2221309552629848e-07
71.747747747747738	2.1721852473702174e-07
71.845845845845844	2.1222581823034951e-07
71.94394394394395	2.0723498493675958e-07
72.042042042042041	2.0224603371924435e-07
72.140140140140133	1.9725897570416969e-07
72.238238238238239	1.9227382655937672e-07
72.336336336336345	1.8732906106368111e-07
72.434434434434436	1.8302945907370255e-07
72.532532532532528	1.7936416179777112e-07
72.630630630630634	1.7570028636737452e-07
72.728728728728726	1.7203789174797842e-07
72.826826826826832	1.6837690472427023e-07
72.924924924924923	1.6471733151710021e-07
73.023023023023015	1.6105917829997391e-07
73.121121121121121	1.5740245119934049e-07
73.219219219219212	1.5374715629487911e-07
73.317317317317318	1.5011808378693718e-07
73.41541541541541	1.4662628393278577e-07
73.513513513513516	1.4358878019227783e-07
73.611611611611607	1.4086641388239859e-07
73.709709709709699	1.3814512032479524e-07
73.807807807807805	1.3542492086175902e-07
73.905905905905911	1.3270580947947019e-07
74.004004004004003	1.2998778116583591e-07
74.102102102102094	1.2727084025969154e-07
74.2002002002002	1.2455507485778902e-07
74.298298298298306	1.2184040529065837e-07
74.396396396396398	1.192250207688332e-07
74.494494494494489	1.1662402628858759e-07
74.592592592592595	1.1431035069516085e-07
74.690690690690701	1.1226746757115172e-07
74.788788788788793	1.1022541089714692e-07
74.886886886886884	1.0818418380540758e-07
74.984984984984976	1.0614378940399077e-07
75.083083083083082	1.0410423077689455e-07
75.181181181181188	1.0206551098420339e-07
75.27927927927928	1.0002763539210287e-07
75.377377377377371	9.8017756511159409e-08
75.475475475475477	9.6059847895555139e-08
75.573573573573569	9.4102759783153182e-08
75.671671671671675	9.2223338613161393e-08
75.769769769769766	9.0672290843274847e-08
75.867867867867872	8.9121887331421039e-08
75.965965965965964	8.7572130320705434e-08
76.064064064064056	8.6023022036725525e-08
76.162162162162161	8.4474564687676444e-08
76.260260260260267	8.292676046445547e-08
76.358358358358359	8.1379611540765206e-08
76.456456456456451	7.9864178960917801e-08
76.554554554554556	7.8374114590470308e-08
76.652652652652662	7.6884689700777833e-08
76.750750750750754	7.5395906319531042e-08
76.848848848848846	7.4092552269531896e-08
76.946946946946937	7.2903112119804469e-08
77.045045045045043	7.1714179989995e-08
77.143143143143149	7.0525757490007353e-08
77.241241241241241	6.9337902085780797e-08
77.339339339339332	6.8150563292877208e-08
77.437437437437438	6.6963738808724406e-08
77.53553553553553	6.5798242936793924e-08
77.633633633633636	6.4652852540632922e-08
77.731731731731728	6.3507964544795211e-08
77.829829829829833	6.2363580418430504e-08
77.927927927927925	6.1219701618893876e-08
78.026026026026017	6.0256409270038387e-08
78.124124124124123	5.9336389317108983e-08
78.222222222222229	5.8416772364035894e-08
78.32032032032032	5.7497559575936715e-08
78.418418418418412	5.6578752688461074e-08
78.516516516516518	5.5660372239096023e-08
78.614614614614624	5.4749013595654496e-08
78.712712712712715	5.3860835189695423e-08
78.810810810810807	5.2973099877426365e-08
78.908908908908899	5.2085763060397533e-08
79.007007007007005	5.1198825803456094e-08
79.10510510510511	5.0312289162777733e-08
79.203203203203202	4.9553032586089364e-08
79.301301301301294	4.8834820229144894e-08
79.3993993993994	4.8116929790417325e-08
79.497497497497491	4.7399362120575712e-08
79.595595595595597	4.6682118063375467e-08
79.693693693693689	4.5965198455700303e-08
79.791791791791795	4.5263621665947543e-08
79.889889889889886	4.4569092041999669e-08
79.987987987987978	4.3874879972092014e-08
80.086086086086084	4.3180999669567916e-08
80.18418418418419	4.2487442927480521e-08
80.282282282282281	4.1794212110020122e-08
80.380380380380373	4.116124117507825e-08
80.478478478478479	4.0595861007512905e-08
80.576576576576585	4.0030739640897701e-08
80.674674674674677	3.9465877701178276e-08
80.772772772772768	3.8901275809134394e-08
80.87087087087086	3.83369345804106e-08
80.96896896896898	3.7787658947051541e-08
81.067067067067072	3.7240015258425871e-08
81.165165165165163	3.6692626915757657e-08
81.263263263263255	3.6145494496928583e-08
81.361361361361361	3.5598618574974412e-08
81.459459459459467	3.5051999718113843e-08
81.557557557557558	3.4505638489776819e-08
81.65565565565565	3.4052328964301262e-08
81.753753753753756	3.360391176193916e-08
81.851851851851848	3.3155704912021756e-08
81.949949949949954	3.2707744180674485e-08
82.048048048048045	3.2259995884066724e-08
82.146146146146151	3.1823461231674547e-08
82.244244244244243	3.1388337447022043e-08
82.342342342342334	3.09534202252343e-08
82.44044044044044	3.0518709994887981e-08
82.538538538538546	3.0084207180903046e-08
82.636636636636638	2.9649912204564038e-08
82.734734734734729	2.9215825483541479e-08
82.832832832832821	2.8797269464106461e-08
82.930930930930941	2.8438849905936024e-08
83.029029029029033	2.808060105731114e-08
83.127127127127125	2.7722523261273116e-08
83.225225225225216	2.7364616857925401e-08
83.323323323323322	2.7012928668887484e-08
83.421421421421428	2.6664622326119467e-08
83.51951951951952	2.6316503408501799e-08
83.617617617617611	2.5968565917522052e-08
83.715715715715717	2.5620797152814213e-08
83.813813813813809	2.5273197428748005e-08
83.911911911911915	2.492576705694445e-08
84.010010010010006	2.4578506346292357e-08
84.108108108108112	2.4244823282505545e-08
84.206206206206204	2.3956676103804453e-08
84.304304304304296	2.3668668713939234e-08
84.402402402402402	2.338080136794628e-08
84.500500500500507	2.3094301333534306e-08
84.598598598598599	2.2813818142955173e-08
84.696696696696691	2.2533472423865685e-08
84.794794794794782	2.225326441622294e-08
84.892892892892903	2.197319521956671e-08
84.990990990990994	2.1693272772882325e-08
85.089089089089086	2.1413492505271256e-08
85.187187187187178	2.1133877104225849e-08
85.285285285285283	2.0854400532737797e-08
85.383383383383389	2.0576353089494065e-08
85.481481481481481	2.034293119110041e-08
85.579579579579573	2.0109624464775838e-08
85.677677677677679	1.9876433101271532e-08
85.77577577577577	1.9645895748386596e-08
85.873873873873876	1.9418411278012927e-08
85.971971971971968	1.9191040121416451e-08
86.070070070070074	1.8963782458139237e-08
86.168168168168165	1.8736638466090723e-08
86.266266266266257	1.8509608321557099e-08
86.364364364364363	1.828269219921081e-08
86.462462462462469	1.8055890272120092e-08
86.56056056056056	1.7829204151897892e-08
86.658658658658652	1.7602639325624323e-08
86.756756756756758	1.7398201839812371e-08
86.854854854854864	1.7208158831970314e-08
86.952952952952955	1.7018211243854193e-08
87.051051051051047	1.6830615827069234e-08
87.149149149149139	1.6645132773671225e-08
87.247247247247259	1.6459743488764074e-08
87.345345345345351	1.6274448107183765e-08
87.443443443443442	1.6089246762506565e-08
87.541541541541534	1.5904139587056552e-08
87.63963963963964	1.5719126711912852e-08
87.737737737737746	1.5534208266916958e-08
87.835835835835837	1.5349384380679831e-08
87.933933933933929	1.5164655180589088e-08
88.032032032032035	1.4980020792816124e-08
88.130130130130127	1.4823209271757563e-08
88.228228228228232	1.4667476178596888e-08
88.326326326326324	1.4513057239885161e-08
88.42442442442443	1.4360830798123581e-08
88.522522522522522	1.4208694386474047e-08
88.620620620620613	1.4056636080749472e-08
88.718718718718719	1.3904655981675328e-08
88.816816816816825	1.3752754189004528e-08
88.914914914914917	1.3600930801523046e-08
89.013013013013008	1.3449185917055483e-08
89.1111111111111	1.3297519632470729e-08
89.209209209209206	1.3145932043687437e-08
89.307307307307312	1.2994423245679636e-08
89.405405405405403	1.2845450695923871e-08
89.503503503503495	1.2717068185676975e-08
89.601601601601601	1.2588752035316936e-08
89.699699699699707	1.2463111260353757e-08
89.797797797797799	1.2337566778943803e-08
89.89589589589589	1.2212087573752036e-08
89.993993993993996	1.2086678923706941e-08
90.092092092092088	1.1961344067499444e-08
90.190190190190194	1.1836087012117032e-08
90.288288288288285	1.1710895500847274e-08
90.386386386386391	1.1585769606862768e-08
90.484484484484483	1.1460709402593942e-08
90.582582582582575	1.1335714959733218e-08
90.68068068068068	1.1210786349239369e-08
90.778778778778786	1.1086550393413617e-08
90.876876876876878	1.0980296845844474e-08
90.97497497497497	1.0874912011212977e-08
91.073073073073061	1.0770858999812292e-08
91.171171171171181	1.0666860708144636e-08
91.269269269269273	1.0562917193907385e-08
91.367367367367365	1.045902851420154e-08
91.465465465465456	1.035519472553533e-08
91.563563563563562	1.0251415883827556e-08
91.661661661661668	1.014769426849441e-08
91.75975975975976	1.0044033190237915e-08
91.857857857857852	9.940441354109866e-09
91.955955955955957	9.8369051632407953e-09
92.054054054054049	9.7334241627317015e-09
92.152152152152155	9.6299984050807786e-09
92.250250250250247	9.5377412202288981e-09
92.348348348348352	9.4502376897732666e-09
92.446446446446444	9.363494665514433e-09
92.544544544544536	9.2767978099170247e-09
92.642642642642642	9.1901471663644479e-09
92.740740740740748	9.1035427777717725e-09
92.838838838838839	9.016984686588392e-09
92.936936936936931	8.9304729348007041e-09
93.035035035035023	8.8440075639348099e-09
93.133133133133128	8.7575886150591615e-09
93.231231231231234	8.6712161287872235e-09
93.329329329329326	8.5848901452800919e-09
93.427427427427418	8.4986146228032619e-09
93.525525525525524	8.412396563211561e-09
93.623623623623629	8.3293018296454483e-09
93.721721721721721	8.2561252547123907e-09
93.819819819819813	8.1836005906751639e-09
93.917917917917919	8.1111149503744796e-09
94.016016016016025	8.0386683663939664e-09
94.114114114114116	7.9662608709481054e-09
94.212212212212208	7.8938924958843396e-09
94.310310310310314	7.8215632726852027e-09
94.408408408408405	7.7492732324704636e-09
94.506506506506511	7.6770224059991394e-09
94.604604604604603	7.604810823671661e-09
94.702702702702709	7.5326385155318654e-09
94.800800800800801	7.4605055112691175e-09
94.898898898898892	7.3884118402203159e-09
94.996996996996998	7.3163575313719296e-09
95.095095095095104	7.2500280947956603e-09
95.193193193193196	7.1889469289686909e-09
95.291291291291287	7.1279091015158798e-09
95.389389389389379	7.0669054864271798e-09
95.487487487487485	7.0059351364449359e-09
95.585585585585591	6.944998053926564e-09
95.683683683683682	6.8840942624947965e-09
95.781781781781774	6.8232237854843719e-09
95.87987987987988	6.7623866459436812e-09
95.977977977977986	6.7015828666364596e-09
96.076076076076077	6.6408124700433997e-09
96.174174174174169	6.5800754783637561e-09
96.272272272272275	6.5193719135170119e-09
96.370370370370367	6.4587017971444908e-09
96.468468468468473	6.3980651506109206e-09
96.566566566566564	6.3433856396344746e-09
96.66466466466467	6.291848142088444e-09
96.762762762762762	6.2403389595664741e-09
96.860860860860853	6.1888586437608583e-09
96.958958958958959	6.1374138533293203e-09
97.057057057057051	6.0860038201226063e-09
97.155155155155157	6.0346229933028799e-09
97.253253253253249	5.9832706035788035e-09
97.35135135135134	5.9319466160223778e-09
97.449449449449446	5.8806510473832384e-09
97.547547547547552	5.8293839141869999e-09
97.645645645645644	5.7781452327365542e-09
97.743743743743735	5.7269350191133288e-09
97.841841841841841	5.6757532891785724e-09
97.939939939939947	5.6247625354832883e-09
98.038038038038039	5.5784783628259415e-09
98.13613613613613	5.5359249436540738e-09
98.234234234234236	5.4933950957838713e-09
98.332332332332328	5.4508888322980764e-09
98.430430430430434	5.408406166099317e-09
98.528528528528525	5.3659471099111941e-09
98.626626626626631	5.32351185119901e-09
98.724724724724723	5.2811066326377672e-09
98.822822822822815	5.2387294543847756e-09
98.920920920920921	5.1963764374862594e-09
99.019019019019026	5.1540472443369349e-09
99.117117117117118	5.1117417199949995e-09
99.21521521521521	5.0694598759815593e-09
99.313313313313316	5.0272017236467105e-09
99.411411411411407	4.9849672741705574e-09
99.509509509509513	4.9427565385641314e-09
99.607607607607605	4.900569527670431e-09
99.705705705705697	4.8584062521653347e-09
99.803803803803802	4.8162667225585898e-09
99.901901901901908	4.7741509491947938e-09
100	4.7320589422543126e-09
