Mw	P
2	2.7923227118381405e-09
2.0980980980980979	2.9884586553881034e-09
2.1961961961961962	3.1795346741649317e-09
2.2942942942942941	3.366048859221986e-09
2.3923923923923924	3.5484203116624779e-09
2.4904904904904903	3.7270046354773189e-09
2.5885885885885886	3.9021059095064913e-09
2.6866866866866865	4.0739860383562354e-09
2.7847847847847849	4.242872128523713e-09
2.8828828828828827	4.4089623600590047e-09
2.9809809809809811	4.5724930231313212e-09
3.079079079079079	4.7338471998311018e-09
3.1771771771771773	4.8995446973872637e-09
3.2752752752752752	5.108133141065228e-09
3.3733733733733731	5.3612331080110356e-09
3.4714714714714714	5.6243424997099768e-09
3.5695695695695697	5.8911901163363967e-09
3.6676676676676676	6.1585022302564884e-09
3.7657657657657655	6.4217614275980858e-09
3.8638638638638643	6.6811600343608793e-09
3.9619619619619622	6.9368733150950847e-09
4.06006006006006	7.18906148985298e-09
4.1581581581581579	7.5055658751366036e-09
4.2562562562562558	7.8732069198359054e-09
4.3543543543543546	8.235519483918799e-09
4.4524524524524525	8.5927184999998056e-09
4.5505505505505504	8.9626419289757669e-09
4.6486486486486491	9.3287369044823156e-09
4.7467467467467461	9.7041079999944282e-09
4.8448448448448449	1.0085357590870764e-08
4.9429429429429428	1.0461831903774204e-08
5.0410410410410407	1.0996619052999935e-08
5.1391391391391394	1.1553246546632456e-08
5.2372372372372364	1.2102662944703624e-08
5.3353353353353352	1.2645102465495623e-08
5.433433433433434	1.3180785159628906e-08
5.531531531531531	1.37117347791616e-08
5.6296296296296298	1.4260365436469891e-08
5.7277277277277285	1.4802522140015729e-08
5.8258258258258255	1.5459507953862492e-08
5.9239239239239243	1.630993184971155e-08
6.0220220220220222	1.7152855393849477e-08
6.1201201201201201	1.7985785439758715e-08
6.218218218218218	1.8808992814410546e-08
6.3163163163163158	1.9624631880896878e-08
6.4144144144144146	2.0440812108677272e-08
6.5125125125125125	2.1247921123994831e-08
6.6106106106106104	2.2158724271992591e-08
6.7087087087087083	2.3484432028954619e-08
6.8068068068068062	2.4795190081911546e-08
6.9049049049049049	2.6091361462560204e-08
7.0030030030030028	2.7382111763880403e-08
7.1011011011011007	2.8677749204231346e-08
7.1991991991991986	2.9959551237479892e-08
7.2972972972972974	3.1227828724363483e-08
7.3953953953953953	3.2689121352169067e-08
7.4934934934934931	3.4767968107252993e-08
7.591591591591591	3.6825275712722247e-08
7.6896896896896889	3.8913309399804767e-08
7.7877877877877877	4.0979648553205934e-08
7.8858858858858856	4.3025195322472347e-08
7.9839839839839835	4.5063587853718277e-08
8.0820820820820813	4.7081516354229704e-08
8.1801801801801801	4.9927639665187516e-08
8.2782782782782789	5.3384602697235981e-08
8.3763763763763777	5.6806778700307037e-08
8.4744744744744729	6.0194848196870702e-08
8.5725725725725717	6.3549468690945646e-08
8.6706706706706704	6.6935866241798421e-08
8.7687687687687692	7.0302058023693538e-08
8.866866866866868	7.3990705698474386e-08
8.9649649649649632	7.9870059996066451e-08
9.063063063063062	8.5692592996488007e-08
9.1611611611611607	9.1459335683427087e-08
9.2592592592592595	9.7220843865072705e-08
9.3573573573573583	1.0293281246806004e-07
9.4554554554554571	1.085931921122592e-07
9.5535535535535523	1.1421666263478581e-07
9.6516516516516511	1.2459748172280398e-07
9.7497497497497498	1.3494284807439223e-07
9.8478478478478486	1.451931108425257e-07
9.9459459459459474	1.5534986258271221e-07
10.044044044044044	1.6541465162302794e-07
10.142142142142141	1.7538898387167891e-07
10.24024024024024	1.8639816862003643e-07
10.338338338338339	2.0535804399314304e-07
10.436436436436436	2.2414880005201562e-07
10.534534534534535	2.428106389737347e-07
10.632632632632632	2.6144421454227693e-07
10.73073073073073	2.7991528999963249e-07
10.828828828828829	2.9822637299028984e-07
10.926926926926926	3.2629474299587187e-07
11.025025025025025	3.6240941427835887e-07
11.123123123123122	3.9822712940739606e-07
11.221221221221221	4.3373926012507721e-07
11.31931931931932	4.6900069857848207e-07
11.417417417417417	5.0402631819037407e-07
11.515515515515515	5.490223835428389e-07
11.613613613613612	6.2190353796307831e-07
11.711711711711711	6.941775300323812e-07
11.80980980980981	7.6585308305963684e-07
11.907907907907907	8.3693872191963081e-07
12.006006006006006	9.0744277961744896e-07
12.104104104104103	1.0019162065763805e-06
12.202202202202201	1.156382386120142e-06
12.3003003003003	1.3096117900530801e-06
12.398398398398397	1.4620045061019326e-06
12.496496496496496	1.6133473757339315e-06
12.594594594594595	1.7635085706665566e-06
12.692692692692692	2.040710332430651e-06
12.790790790790791	2.390989710420475e-06
12.888888888888888	2.7385161835353071e-06
12.986986986986986	3.0833261882768556e-06
13.085085085085085	3.4254554155446505e-06
13.183183183183182	3.9237192677106919e-06
13.281281281281281	4.7852464519158345e-06
13.379379379379378	5.6406065080573367e-06
13.477477477477477	6.4894418519900574e-06
13.575575575575575	7.3318252931134711e-06
13.673673673673672	8.6411304815520148e-06
13.771771771771771	1.0953528357116979e-05
13.86986986986987	1.3248562213791397e-05
13.967967967967967	1.5526448303589665e-05
14.066066066066066	1.778742150804393e-05
14.164164164164164	2.3264700979875924e-05
14.262262262262263	3.0117195471830301e-05
14.360360360360358	3.6919698556936698e-05
14.458458458458457	4.3672483778669493e-05
14.556556556556556	5.7579125008681933e-05
14.654654654654655	8.0077368497878911e-05
14.752752752752754	0.00010241318227035018
14.850850850850849	0.00012458848910781045
14.948948948948948	0.00018018398301608029
15.047047047047046	0.00025634334244876609
15.145145145145145	0.00033196209317280431
15.243243243243244	0.00043402277172160334
15.341341341341339	0.00063451564289122625
15.439439439439438	0.00083360290745022067
15.537537537537537	0.0010375901653619667
15.635635635635635	0.0012555943110118366
15.733733733733734	0.0014720914337095924
15.831831831831833	0.0015819736298756824
15.929929929929928	0.0016680301078106803
16.028028028028025	0.0016731873409011621
16.126126126126124	0.0016113666294100845
16.224224224224223	0.0015074061133266508
16.322322322322321	0.0013336298653102677
16.42042042042042	0.0011265020798994641
16.518518518518519	0.00092421068286580369
16.616616616616618	0.00073197821660975725
16.714714714714717	0.00054102790399795768
16.812812812812815	0.00039096023160211009
16.910910910910914	0.00031264766422688486
17.009009009009006	0.00023485152847761446
17.107107107107105	0.00015756771738335902
17.205205205205203	0.00013043249272512837
17.303303303303302	0.00010572834428999787
17.401401401401401	8.118470348238793e-05
17.4994994994995	5.8727643992291211e-05
17.597597597597598	5.0616703093388961e-05
17.695695695695697	4.2557922767916351e-05
17.793793793793796	3.4550767670278419e-05
17.891891891891895	2.6595102951525494e-05
17.989989989989986	2.3081696197968929e-05
18.088088088088089	2.0205766941585025e-05
18.186186186186188	1.7348044861034183e-05
18.284284284284283	1.4508346784896508e-05
18.382382382382382	1.2113674856898173e-05
18.48048048048048	1.0986081982655788e-05
18.578578578578579	9.8655724312673732e-06
18.676676676676678	8.7854192685639332e-06
18.774774774774773	7.717394972729098e-06
18.872872872872872	6.8263234802218674e-06
18.970970970970971	6.3959193794464526e-06
19.069069069069069	5.9682418060482581e-06
19.167167167167168	5.5432637729226453e-06
19.265265265265263	5.1422029905947278e-06
19.363363363363362	4.7975371041474389e-06
19.461461461461461	4.6944088390289557e-06
19.55955955955956	4.6088855603664834e-06
19.657657657657658	4.5281148535224409e-06
19.755755755755754	4.4479974302098793e-06
19.853853853853852	4.3685503371684864e-06
19.951951951951951	4.4806761933992292e-06
20.05005005005005	4.6768701194246394e-06
20.148148148148149	4.8722360766412384e-06
20.246246246246244	5.0667781867263949e-06
20.344344344344343	5.2644913007544408e-06
20.442442442442442	5.4683536909317714e-06
20.54054054054054	6.0642289751782141e-06
20.638638638638639	6.6942083918449338e-06
20.736736736736734	7.3212290174537759e-06
20.834834834834833	7.9453134537253062e-06
20.932932932932932	8.5664840413111788e-06
21.031031031031031	9.5314957176189572e-06
21.129129129129129	1.1087174611315523e-05
21.227227227227225	1.2667813735788712e-05
21.325325325325323	1.4241114816998705e-05
21.423423423423422	1.5807038462260069e-05
21.521521521521521	1.7635512212269415e-05
21.61961961961962	2.161938671622118e-05
21.717717717717715	2.5584641332596348e-05
21.815815815815814	2.9548143559433007e-05
21.913913913913913	3.3527613325935875e-05
22.012012012012011	3.9021270828668463e-05
22.11011011011011	4.963468915052215e-05
22.208208208208205	6.0199073741147328e-05
22.306306306306304	7.0714788779345064e-05
22.404404404404403	8.1182194443608834e-05
22.502502502502502	0.00010495970348830031
22.6006006006006	0.00013313855561966176
22.698698698698696	0.00016118898241811945
22.796796796796794	0.00018911180851193481
22.894894894894893	0.00024182517132403074
22.992992992992992	0.00030508540191258126
23.091091091091091	0.00036805994939264751
23.189189189189189	0.00043296600802752018
23.287287287287285	0.00051581227483579284
23.385385385385383	0.00059828736007369544
23.483483483483482	0.00067989362578103028
23.581581581581581	0.00073326527628950894
23.67967967967968	0.00078639989951443485
23.777777777777775	0.0008244897544081054
23.875875875875874	0.00084771063687313604
23.973973973973973	0.00085895872405575323
24.072072072072071	0.0008548931351807852
24.17017017017017	0.00083305161428651859
24.268268268268265	0.00080818218173114658
24.366366366366364	0.00075675677530886434
24.464464464464463	0.0007054817518472291
24.562562562562562	0.00064291397301805518
24.66066066066066	0.00056660661718117768
24.758758758758756	0.00049063167614630783
24.856856856856854	0.00042062888827237323
24.954954954954953	0.00036109372018519717
25.053053053053052	0.00030319034475736697
25.151151151151151	0.00024553648819577501
25.24924924924925	0.0002124305117987607
25.347347347347345	0.00018663006458676231
25.445445445445444	0.00016094101359745804
25.543543543543542	0.00013880668457407687
25.641641641641641	0.00012964455359628128
25.73973973973974	0.00012523466483278716
25.837837837837835	0.00012084551612796746
25.935935935935934	0.00011647695189824977
26.034034034034033	0.00012255437809211459
26.132132132132131	0.00013526809300589665
26.23023023023023	0.00014793381024589885
26.328328328328329	0.00016055225067727408
26.426426426426424	0.00017959085657076249
26.524524524524526	0.00021593238635041971
26.622622622622622	0.00025377365190260237
26.720720720720717	0.00029147011267156164
26.818818818818819	0.00033371984485046954
26.916916916916914	0.00040199783024448906
27.015015015015017	0.00047011339588847953
27.113113113113112	0.00053888920690101604
27.211211211211207	0.00060740729790175179
27.30930930930931	0.00067566923203105772
27.407407407407405	0.00074367272129272869
27.505505505505507	0.00080192490675062107
27.603603603603602	0.00084205859149595835
27.701701701701698	0.00088226938639633244
27.7997997997998	0.00090444383865502032
27.897897897897895	0.00092131215432018194
27.995995995995997	0.00092544986193338963
28.094094094094093	0.0009186474223274409
28.192192192192188	0.00089816433527179168
28.29029029029029	0.00087474629589923874
28.388388388388385	0.00083307435822222754
28.486486486486488	0.00079155731113190835
28.584584584584583	0.00073608160044892992
28.682682682682678	0.00067038846625354679
28.780780780780781	0.00060495516313724157
28.878878878878876	0.00053910133811955335
28.976976976976978	0.00047250331275926053
29.075075075075073	0.00040614940474382018
29.173173173173176	0.00034003820470533301
29.271271271271271	0.00029411236928767706
29.369369369369366	0.00025441732974470089
29.467467467467468	0.00021489271386472761
29.565565565565564	0.00017553247638219964
29.663663663663666	0.00014963234584263756
29.761761761761761	0.00013141371582443015
29.859859859859856	0.00011326083678867653
29.957957957957959	9.5173313729292536e-05
30.056056056056054	7.7864574649560574e-05
30.154154154154156	6.9972583871913329e-05
30.252252252252251	6.2118631069325788e-05
30.350350350350347	5.4292741020365215e-05
30.448448448448449	4.6494825944737414e-05
30.546546546546544	3.913218639537524e-05
30.644644644644647	3.5642909192004834e-05
30.742742742742742	3.2166062959439098e-05
30.840840840840837	2.8706444931103915e-05
30.938938938938939	2.5267919600669377e-05
31.037037037037035	2.184152745899115e-05
31.135135135135137	1.9740225229808119e-05
31.233233233233232	1.812644078558221e-05
31.331331331331327	1.6518319528749041e-05
31.42942942942943	1.4915830397328902e-05
31.527527527527525	1.3318942571376092e-05
31.625625625625627	1.1734099953783731e-05
31.723723723723722	1.0940634477202543e-05
31.821821821821825	1.0151870138358483e-05
31.91991991991992	9.3658457733619085e-06
32.018018018018012	8.582546535588396e-06
32.116116116116117	7.8019576923599435e-06
32.214214214214209	7.024064623759528e-06
32.312312312312315	6.5779433919687648e-06
32.410410410410407	6.1708248598596859e-06
32.508508508508505	5.7652316608821369e-06
32.606606606606604	5.3610855834846385e-06
32.704704704704703	4.958324741014953e-06
32.802802802802802	4.5569417468439463e-06
32.900900900900901	4.2414461699676731e-06
32.998998998998999	4.0194260627565968e-06
33.097097097097098	3.7981652139341899e-06
33.195195195195197	3.5801302306969468e-06
33.293293293293296	3.3632513070304709e-06
33.391391391391394	3.1471093206384124e-06
33.489489489489486	2.9317003881271993e-06
33.587587587587592	2.7814359345922169e-06
33.685685685685684	2.6569448637688646e-06
33.78378378378379	2.5328763525769236e-06
33.881881881881881	2.4092281826057866e-06
33.979979979979973	2.2868395915379184e-06
34.078078078078079	2.1662314178397727e-06
34.176176176176178	2.0471968026495109e-06
34.274274274274276	1.9590246870425796e-06
34.372372372372375	1.8884289067662517e-06
34.470470470470467	1.8180733193675014e-06
34.568568568568566	1.7479757251282386e-06
34.666666666666664	1.67812714913158e-06
34.764764764764763	1.6085304631816708e-06
34.862862862862862	1.5401541981887049e-06
34.960960960960961	1.4788031829934422e-06
35.059059059059059	1.437602350351614e-06
35.157157157157158	1.3965424569107713e-06
35.255255255255257	1.356573723949011e-06
35.353353353353356	1.3179441300179301e-06
35.451451451451454	1.2794483481220001e-06
35.549549549549546	1.2410881914958142e-06
35.647647647647645	1.2028809226559247e-06
35.745745745745744	1.1739554072981995e-06
35.843843843843842	1.1520042479882378e-06
35.941941941941941	1.1301317661544016e-06
36.04004004004004	1.1084232639876949e-06
36.138138138138139	1.0867927076566176e-06
36.236236236236238	1.0652393962049762e-06
36.334334334334336	1.0437629218064234e-06
36.432432432432435	1.0249706563356088e-06
36.530530530530527	1.011802053573246e-06
36.628628628628626	1.0029610218507213e-06
36.726726726726724	9.943290865593308e-07
36.824824824824823	9.8573487013374037e-07
36.922922922922922	9.7717815558809645e-07
37.021021021021021	9.6865872753640567e-07
37.119119119119119	9.6017637217770347e-07
37.217217217217218	9.5184564810738592e-07
37.315315315315317	9.4519908687740155e-07
37.413413413413416	9.4249642209594747e-07
37.511511511511507	9.4219642036020732e-07
37.609609609609606	9.4407595354777483e-07
37.707707707707705	9.459693231364114e-07
37.805805805805804	9.4787797466669444e-07
37.903903903903903	9.4979425546933695e-07
38.002002002002001	9.5171808739600018e-07
38.1001001001001	9.5364939297052684e-07
38.198198198198199	9.5818363673396689e-07
38.296296296296298	9.6365161149423218e-07
38.394394394394396	9.6924323169554977e-07
38.492492492492488	9.7497166964231972e-07
38.590590590590594	9.8360701906995575e-07
38.688688688688686	9.9538085059734968e-07
38.786786786786784	1.0071400925994586e-06
38.884884884884883	1.0188891586111872e-06
38.982982982982982	1.0306204229939583e-06
39.081081081081081	1.0443963214781855e-06
39.179179179179179	1.0583426233625265e-06
39.277277277277278	1.0722643686735062e-06
39.375375375375377	1.0861616185034293e-06
39.473473473473469	1.1002954354902749e-06
39.571571571571575	1.1145414966187962e-06
39.669669669669666	1.134309499574687e-06
39.767767767767765	1.1570566810912837e-06
39.865865865865864	1.1797601152134715e-06
39.963963963963963	1.2036411832909823e-06
40.062062062062061	1.2277477434944396e-06
40.16016016016016	1.2518064687589739e-06
40.258258258258259	1.2758175066317344e-06
40.356356356356358	1.2997810039821907e-06
40.454454454454449	1.3237551578298316e-06
40.552552552552555	1.3478700991751708e-06
40.650650650650647	1.3731391919478627e-06
40.748748748748746	1.4097873683060476e-06
40.846846846846844	1.446816110738393e-06
40.944944944944943	1.4843122637291849e-06
41.043043043043042	1.5217341052557075e-06
41.141141141141141	1.5590832638956755e-06
41.23923923923924	1.5963559436474127e-06
41.337337337337338	1.6335523913700559e-06
41.43543543543543	1.6706770680358994e-06
41.533533533533536	1.7078138574344372e-06
41.631631631631627	1.7450256818813451e-06
41.729729729729733	1.796691553350483e-06
41.827827827827825	1.8529402155045745e-06
41.925925925925924	1.909184994978336e-06
42.024024024024023	1.9653134836900675e-06
42.122122122122121	2.0213260619467558e-06
42.22022022022022	2.0772265528344761e-06
42.318318318318319	2.1330137785008649e-06
42.416416416416411	2.1886862051426816e-06
42.514514514514516	2.2442714825782371e-06
42.612612612612608	2.2997835489201243e-06
42.710710710710714	2.3757312116992001e-06
42.808808808808806	2.4595222417776292e-06
42.906906906906904	2.5431585539186749e-06
43.005005005005003	2.6266223832046274e-06
43.103103103103102	2.7099142919781375e-06
43.201201201201201	2.7930348398801952e-06
43.2992992992993	2.8759845838690284e-06
43.397397397397391	2.9587670592885803e-06
43.495495495495497	3.0413811344084492e-06
43.593593593593589	3.1238526021934645e-06
43.691691691691695	3.2465791639240908e-06
43.789789789789786	3.3716778438590244e-06
43.887887887887885	3.496574785854215e-06
43.985985985985984	3.6212159394761402e-06
44.084084084084083	3.7456021315598689e-06
44.182182182182181	3.8697341850223026e-06
44.28028028028028	3.9936129188889685e-06
44.378378378378379	4.1172391483205608e-06
44.476476476476478	4.2406136846392225e-06
44.574574574574569	4.3941884038928868e-06
44.672672672672675	4.5816386106316329e-06
44.770770770770767	4.7698502990730897e-06
44.868868868868873	4.958155198806641e-06
44.966966966966964	5.1460779031337191e-06
45.065065065065063	5.3336196340018337e-06
45.163163163163162	5.5207816076588405e-06
45.261261261261261	5.7075650346911173e-06
45.35935935935936	5.8939711200612558e-06
45.457457457457458	6.1061900702053215e-06
45.55555555555555	6.3936157346947777e-06
45.653653653653656	6.680461834486496e-06
45.751751751751748	6.9682195184822009e-06
45.849849849849853	7.2561146901492713e-06
45.947947947947945	7.5434568419292378e-06
46.046046046046044	7.8302222087862796e-06
46.144144144144143	8.1164126101451761e-06
46.242242242242241	8.4020298571000468e-06
46.34034034034034	8.7409699086032437e-06
46.438438438438439	9.1887564243196528e-06
46.536536536536531	9.6356481928054166e-06
46.634634634634637	1.0081648021324047e-05
46.732732732732728	1.0529812798570121e-05
46.830830830830834	1.0977102128629726e-05
46.928928928928926	1.1423643241256418e-05
47.027027027027025	1.1869309036706367e-05
47.125125125125123	1.231409112367215e-05
47.223223223223222	1.2944343704710223e-05
47.321321321321321	1.3655079045792537e-05
47.41941941941942	1.4364407422893442e-05
47.517517517517511	1.5072333201328922e-05
47.615615615615617	1.5781364992375587e-05
47.713713713713709	1.6491223026872664e-05
47.811811811811815	1.7199682366431574e-05
47.909909909909906	1.7906747326322124e-05
48.008008008008012	1.8773847894266748e-05
48.106106106106104	1.9926032623918014e-05
48.204204204204203	2.1075959361471192e-05
48.302302302302301	2.222363299592759e-05
48.4004004004004	2.3369058551737853e-05
48.498498498498499	2.4514798168790535e-05
48.596596596596598	2.5663173112721476e-05
48.694694694694689	2.6809306351256107e-05
48.792792792792795	2.8207500783244852e-05
48.890890890890887	3.0114972137523292e-05
48.988988988988993	3.2018729745644037e-05
49.087087087087085	3.3918828731086938e-05
49.185185185185183	3.5815265470746041e-05
49.283283283283282	3.7708032744665627e-05
49.381381381381381	3.9602406502671955e-05
49.47947947947948	4.1499715334327116e-05
49.577577577577578	4.4219864342229447e-05
49.67567567567567	4.74442802641819e-05
49.773773773773776	5.0662470162362056e-05
49.871871871871868	5.3874452794399217e-05
49.969969969969974	5.7080246837062775e-05
50.068068068068065	6.0279870886744213e-05
50.166166166166164	6.3473346490022268e-05
50.264264264264263	6.7219575529808457e-05
50.362362362362362	7.2787662929505188e-05
50.46046046046046	7.8345082049386365e-05
50.558558558558559	8.3891862820387498e-05
50.656656656656658	8.9428032520325881e-05
50.754754754754757	9.4953622771058461e-05
50.852852852852848	0.00010046866638062927
50.950950950950954	0.00010670658199149065
51.049049049049053	0.00011645195205560343
51.147147147147152	0.00012619401157833475
51.245245245245243	0.00013591754682730617
51.343343343343342	0.00014562262465967916
51.441441441441434	0.00015530931810048686
51.539539539539547	0.0001649776509252101
51.637637637637638	0.00017810116608314234
51.735735735735737	0.000195249630604904
51.833833833833829	0.00021239423731236393
51.931931931931928	0.0002295325158002746
52.030030030030034	0.00024663847035953911
52.128128128128132	0.00026371219649841643
52.226226226226224	0.00028212085826483574
52.324324324324323	0.00031194877522879315
52.422422422422414	0.00034172065064826855
52.520520520520527	0.00037143665759016174
52.618618618618619	0.00040117538193200792
52.716716716716718	0.0004308740815964834
52.81481481481481	0.00046291128699798098
52.912912912912908	0.00051208360745757077
53.011011011011014	0.00056116409915306896
53.109109109109113	0.00061015302524749506
53.207207207207205	0.00065905065082070874
53.305305305305303	0.00070793396998299692
53.403403403403395	0.00076877804113825211
53.501501501501508	0.00084035907359567485
53.5995995995996	0.00091180722978564412
53.697697697697699	0.00098312289406609602
53.79579579579579	0.0010543064693733064
53.893893893893889	0.0011294367618917577
53.991991991991995	0.0012127714357230376
54.090090090090094	0.0012961155483024911
54.188188188188185	0.0013793058962959747
54.286286286286284	0.0014623429165310179
54.384384384384376	0.0015397945331226701
54.482482482482489	0.0016129461723852433
54.58058058058058	0.0016859634073967842
54.678678678678679	0.0017592134159749476
54.776776776776771	0.001827425287566641
54.87487487487487	0.0018808965937790164
54.972972972972975	0.0019342701208826842
55.071071071071074	0.0019875461397773479
55.169169169169166	0.0020328843823844136
55.267267267267265	0.002068299718529963
55.365365365365356	0.0021041284709841352
55.463463463463469	0.0021376621023806034
55.561561561561561	0.0021585369554005121
55.65965965965966	0.0021793740330643546
55.757757757757751	0.0021948507509332348
55.855855855855857	0.002204754835270631
55.953953953953956	0.0022117296105340785
56.052052052052055	0.0022126765881757488
56.150150150150147	0.0022075166608846765
56.248248248248245	0.0021993048101309975
56.346346346346351	0.0021846185116346372
56.44444444444445	0.0021664921950787842
56.542542542542542	0.0021485589109278666
56.64064064064064	0.0021180800790076403
56.738738738738732	0.0020864279097221978
56.836836836836838	0.0020548329608243319
56.934934934934937	0.002013447902116145
57.033033033033036	0.001966228901262333
57.131131131131127	0.0019190948803753717
57.229229229229226	0.0018720456032090087
57.327327327327332	0.0018113560049757319
57.425425425425431	0.0017467829621730963
57.523523523523522	0.0016822763290433589
57.621621621621621	0.0016178850807972154
57.719719719719713	0.0015490512375849707
57.817817817817819	0.0014750332113681991
57.915915915915917	0.0014007676928147674
58.014014014014016	0.0013266344159515559
58.112112112112108	0.0012526330202285219
58.210210210210207	0.0011844027704376759
58.308308308308312	0.0011185011667547878
58.406406406406411	0.0010527164366153862
58.504504504504503	0.00098663125963122903
58.602602602602602	0.00092032399315745365
58.700700700700693	0.00086426841558463459
58.798798798798799	0.00081653159619806044
58.896896896896898	0.00076880790549007435
58.994994994994997	0.00072083674773662379
59.093093093093088	0.00067269403251923063
59.191191191191187	0.00062427284527176365
59.289289289289293	0.0005921982798086443
59.387387387387392	0.0005606868628752371
59.485485485485484	0.00052923067736075451
59.583583583583582	0.00049758448501678577
59.681681681681674	0.0004655320405205941
59.77977977977978	0.0004335355851368104
59.877877877877879	0.00041289919406343209
59.975975975975977	0.00039207119332930972
60.074074074074069	0.00037127942263486902
60.172172172172168	0.00035052378015291459
60.270270270270274	0.00032956671439746674
60.368368368368373	0.00030798061771546121
60.466466466466464	0.0002908060515508645
60.564564564564563	0.00027657765362669581
60.662662662662655	0.00026237379384564925
60.76076076076076	0.00024755984767860201
60.858858858858859	0.00023274892536492031
60.956956956956958	0.00021796345339889723
61.05505505505505	0.00020320336448120357
61.153153153153148	0.00019228663711369886
61.251251251251254	0.00018202637550996295
61.349349349349353	0.00017178364031401281
61.447447447447445	0.00016155838817380911
61.545545545545544	0.00015135056843582331
61.643643643643649	0.00014119540638099905
61.741741741741741	0.0001319372723335201
61.83983983983984	0.00012473792344803509
61.937937937937939	0.00011796213480127574
62.03603603603603	0.00011119783102113088
62.134134134134136	0.00010444498322430673
62.232232232232235	9.8154415450083592e-05
62.330330330330334	9.2407978426601673e-05
62.428428428428425	8.667126919562518e-05
62.526526526526524	8.1576358620945419e-05
62.62462462462463	7.7284696040042688e-05
62.722722722722722	7.3000263003828147e-05
62.820820820820821	6.9084466084193475e-05
62.918918918918919	6.5548398093885998e-05
63.017017017017011	6.2018284442101276e-05
63.115115115115117	5.8494109744297925e-05
63.213213213213216	5.4975858933955436e-05
63.311311311311314	5.2077936142444308e-05
63.409409409409406	4.9486298267275136e-05
63.507507507507505	4.7297094121503646e-05
63.605605605605611	4.511155878769762e-05
63.703703703703702	4.2929681988394362e-05
63.801801801801801	4.075145432145712e-05
63.8998998998999	3.8576866418265439e-05
63.997997997997992	3.6405908943555725e-05
64.09609609609609	3.4726086966962494e-05
64.194194194194196	3.3352064599228326e-05
64.292292292292302	3.1980331215303619e-05
64.390390390390394	3.0610880963895712e-05
64.488488488488485	2.9243708014439782e-05
64.586586586586591	2.7878806610894308e-05
64.684684684684683	2.6516171133567818e-05
64.782782782782789	2.5228279761425184e-05
64.880880880880881	2.4151855203934365e-05
64.978978978978972	2.3274025526407219e-05
65.077077077077078	2.2397648752332253e-05
65.175175175175184	2.1522721155268506e-05
65.273273273273276	2.0649239060805614e-05
65.371371371371367	1.9777198807425757e-05
65.469469469469459	1.8913007700269513e-05
65.567567567567579	1.81428686479267e-05
65.665665665665671	1.7374000236912588e-05
65.763763763763762	1.6749090208876087e-05
65.861861861861854	1.6177499454348096e-05
65.959959959959946	1.5606847797954547e-05
66.058058058058066	1.5037132914584466e-05
66.156156156156158	1.446835260934984e-05
66.254254254254249	1.3922691173371044e-05
66.352352352352355	1.3414844919296749e-05
66.450450450450447	1.2907831626257015e-05
66.548548548548553	1.2401648628088117e-05
66.646646646646644	1.1996396611843961e-05
66.74474474474475	1.1616155730112798e-05
66.842842842842842	1.1236536126361359e-05
66.940940940940934	1.0857537215578362e-05
67.039039039039039	1.0492465695040836e-05
67.137137137137131	1.0150468658883844e-05
67.235235235235237	9.8090285166030537e-06
67.333333333333329	9.4681438801535797e-06
67.43143143143142	9.1278133662626214e-06
67.529529529529526	8.836002249493355e-06
67.627627627627632	8.5779327441620669e-06
67.725725725725724	8.3202811320494247e-06
67.823823823823815	8.0644257687693665e-06
67.921921921921921	7.8297313461162059e-06
68.020020020020027	7.5954166137957283e-06
68.118118118118119	7.3614806320695005e-06
68.21621621621621	7.1279224644040925e-06
68.314314314314316	6.894743383766208e-06
68.412412412412422	6.6671026980136139e-06
68.510510510510514	6.4886037697387191e-06
68.608608608608606	6.3103918082093625e-06
68.706706706706711	6.1387941985509178e-06
68.804804804804803	5.9750704738771226e-06
68.902902902902909	5.8116096921810046e-06
69.001001001001001	5.6484112077942074e-06
69.099099099099092	5.4854744872783593e-06
69.197197197197198	5.3227988524007014e-06
69.29529529529529	5.1603840205850836e-06
69.393393393393396	5.0100961428216189e-06
69.491491491491487	4.8845927205275004e-06
69.589589589589593	4.7642425616645166e-06
69.687687687687685	4.6480651128459692e-06
69.785785785785777	4.5320748113125776e-06
69.883883883883883	4.4162692878514244e-06
69.981981981981988	4.300648092677254e-06
70.08008008008008	4.1852107775101796e-06
70.178178178178172	4.0699568955690461e-06
70.276276276276278	3.95488600156489e-06
70.374374374374383	3.8471424188153746e-06
70.472472472472475	3.7595774215343758e-06
70.570570570570567	3.6758384751735316e-06
70.668668668668673	3.5922322329016574e-06
70.766766766766764	3.5087585295215872e-06
70.86486486486487	3.4254170575719113e-06
70.962962962962962	3.3422071804021926e-06
71.061061061061054	3.2591285807231753e-06
71.159159159159159	3.1761815014416882e-06
71.257257257257251	3.0933662903148195e-06
71.355355355355357	3.0106814075110686e-06
71.453453453453449	2.9487135801332899e-06
71.551551551551555	2.8875640656276951e-06
71.649649649649646	2.8265105777024818e-06
71.747747747747738	2.7655528861743984e-06
71.845845845845844	2.7046907616174065e-06
71.94394394394395	2.6439239753594406e-06
72.042042042042041	2.5832522994791536e-06
72.140140140140133	2.5226755591495513e-06
72.238238238238239	2.4621936565539695e-06
72.336336336336345	2.4022367750050942e-06
72.434434434434436	2.3496738153574425e-06
72.532532532532528	2.3044157567508552e-06
72.630630630630634	2.2592286246818933e-06
72.728728728728726	2.2141130696890431e-06
72.826826826826832	2.1690676880432188e-06
72.924924924924923	2.124092313244929e-06
73.023023023023015	2.0791867793361483e-06
73.121121121121121	2.0343509208980415e-06
73.219219219219212	1.9895845730486957e-06
73.317317317317318	1.945166499842983e-06
73.41541541541541	1.9023450570987622e-06
73.513513513513516	1.8647885124569442e-06
73.611611611611607	1.8308915095591962e-06
73.709709709709699	1.7970469273729278e-06
73.807807807807805	1.7632549216598461e-06
73.905905905905911	1.7295151794786962e-06
74.004004004004003	1.6958274230538274e-06
74.102102102102094	1.6621915305010794e-06
74.2002002002002	1.6286086483155145e-06
74.298298298298306	1.5950773842552188e-06
74.396396396396398	1.5627085722501037e-06
74.494494494494489	1.5305401242382368e-06
74.592592592592595	1.501726172032009e-06
74.690690690690701	1.4760704289251955e-06
74.788788788788793	1.4504539737589383e-06
74.886886886886884	1.4248767148472309e-06
74.984984984984976	1.399338560796823e-06
75.083083083083082	1.3738394205059948e-06
75.181181181181188	1.3483792031633598e-06
75.27927927927928	1.3229578728514256e-06
75.377377377377371	1.297884335928161e-06
75.475475475475477	1.2734304012898784e-06
75.573573573573569	1.2490137011513128e-06
75.671671671671675	1.2255258870928667e-06
75.769769769769766	1.2058725209783273e-06
75.867867867867872	1.1862489962020684e-06
75.965965965965964	1.1666552437485926e-06
76.064064064064056	1.1470911948205774e-06
76.162162162162161	1.1275567808379864e-06
76.260260260260267	1.1080519334371874e-06
76.358358358358359	1.0885765844700565e-06
76.456456456456451	1.0694857935374891e-06
76.554554554554556	1.0507063461529173e-06
76.652652652652662	1.0319552515788098e-06
76.750750750750754	1.0132324446439634e-06
76.848848848848846	9.9669182506681736e-07
76.946946946946937	9.8149687776379697e-07
77.045045045045043	9.6632479103955538e-07
77.143143143143149	9.5117551253519565e-07
77.241241241241241	9.3604985613454496e-07
77.339339339339332	9.2094696205567287e-07
77.437437437437438	9.0586671834992927e-07
77.53553553553553	8.9104837726765412e-07
77.633633633633636	8.7647743291792958e-07
77.731731731731728	8.6192830341832821e-07
77.829829829829833	8.4740093906812024e-07
77.927927927927925	8.3289529032111058e-07
78.026026026026017	8.2052184939325524e-07
78.124124124124123	8.0866882100987922e-07
78.222222222222229	7.9683346375438966e-07
78.32032032032032	7.8501573754048147e-07
78.418418418418412	7.7321561270213563e-07
78.516516516516518	7.6143341600226297e-07
78.614614614614624	7.4974513346735363e-07
78.712712712712715	7.3833717319278326e-07
78.810810810810807	7.2694687920760596e-07
78.908908908908899	7.1557348369415528e-07
79.007007007007005	7.0421694851995513e-07
79.10510510510511	6.9287723566985808e-07
79.203203203203202	6.8304871462829469e-07
79.301301301301294	6.7371390359640621e-07
79.3993993993994	6.6439288439480964e-07
79.497497497497491	6.5508562603308345e-07
79.595595595595597	6.4579209761572651e-07
79.693693693693689	6.3651226834179431e-07
79.791791791791795	6.2742045559792013e-07
79.889889889889886	6.1842009348393472e-07
79.987987987987978	6.0943297508422262e-07
80.086086086086084	6.0045932387919113e-07
80.18418418418419	5.9149894864401881e-07
80.282282282282281	5.8255182919606219e-07
80.380380380380373	5.7432765537850302e-07
80.478478478478479	5.6691190671279148e-07
80.576576576576585	5.5950701710532298e-07
80.674674674674677	5.521129623835743e-07
80.772772772772768	5.44729718448311e-07
80.87087087087086	5.3735726127330355e-07
80.96896896896898	5.3016821577466597e-07
81.067067067067072	5.2300570803738546e-07
81.165165165165163	5.1585364609293465e-07
81.263263263263255	5.087120067894089e-07
81.361361361361361	5.0158076704476145e-07
81.459459459459467	4.9445990384653374e-07
81.557557557557558	4.8734939425158319e-07
81.65565565565565	4.8135329720901549e-07
81.753753753753756	4.7542164199969584e-07
81.851851851851848	4.6949860258957556e-07
81.949949949949954	4.6358473075593464e-07
82.048048048048045	4.5767945106674331e-07
82.146146146146151	4.5191170229286763e-07
82.244244244244243	4.4616640750633583e-07
82.342342342342334	4.40429418031205e-07
82.44044044044044	4.3470071562897839e-07
82.538538538538546	4.2898028211564709e-07
82.636636636636638	4.2326809936147824e-07
82.734734734734729	4.1756414929080547e-07
82.832832832832821	4.1205172854430179e-07
82.930930930930941	4.0726398125039718e-07
83.029029029029033	4.0248311764745602e-07
83.127127127127125	3.9770912270305193e-07
83.225225225225216	3.9294198142940405e-07
83.323323323323322	3.8825294983537751e-07
83.421421421421428	3.8360850380939726e-07
83.51951951951952	3.7897103251298353e-07
83.617617617617611	3.743404167488455e-07
83.715715715715717	3.6971642682727877e-07
83.813813813813809	3.6509904835273194e-07
83.911911911911915	3.6048826697216367e-07
84.010010010010006	3.5588406837488574e-07
84.108108108108112	3.5144782965755761e-07
84.206206206206204	3.4756382902704136e-07
84.304304304304296	3.4368536045640759e-07
84.402402402402402	3.3981241198294487e-07
84.500500500500507	3.3595950419367429e-07
84.598598598598599	3.3218164464046266e-07
84.696696696696691	3.2840915242825251e-07
84.794794794794782	3.2464201598165521e-07
84.892892892892903	3.2088023981847324e-07
84.990990990990994	3.171239564211888e-07
85.089089089089086	3.133730777268485e-07
85.187187187187178	3.0962794943734961e-07
85.285285285285283	3.0588811828877058e-07
85.383383383383389	3.0216916693501119e-07
85.481481481481481	2.9899297660404418e-07
85.579579579579573	2.9582126831021534e-07
85.677677677677679	2.9265403245494831e-07
85.77577577577577	2.8952146261631073e-07
85.873873873873876	2.8642824975337017e-07
85.971971971971968	2.8333939087999932e-07
86.070070070070074	2.8025487669670735e-07
86.168168168168165	2.7717469793097045e-07
86.266266266266257	2.7409884533712885e-07
86.364364364364363	2.7102730969628739e-07
86.462462462462469	2.6796008181621784e-07
86.56056056056056	2.6489717996648638e-07
86.658658658658652	2.6183869625976897e-07
86.756756756756758	2.5905226387367614e-07
86.854854854854864	2.5644354032300216e-07
86.952952952952955	2.5383846166386454e-07
87.051051051051047	2.5126402138969351e-07
87.149149149149139	2.4871730618860363e-07
87.247247247247259	2.461741429185468e-07
87.345345345345351	2.4363452406531547e-07
87.443443443443442	2.4109844213626708e-07
87.541541541541534	2.385658896602478e-07
87.63963963963964	2.3603685918751203e-07
87.737737737737746	2.3351134328964525e-07
87.835835835835837	2.3098933455948442e-07
87.933933933933929	2.2847082561103986e-07
88.032032032032035	2.2595580907941795e-07
88.130130130130127	2.237830818680844e-07
88.228228228228232	2.216255631743574e-07
88.326326326326324	2.1948591060773174e-07
88.42442442442443	2.1737466526330768e-07
88.522522522522522	2.1526655218441832e-07
88.620620620620613	2.1316135059175353e-07
88.718718718718719	2.1105905438847421e-07
88.816816816816825	2.0895965749505167e-07
88.914914914914917	2.0686315384920433e-07
89.013013013013008	2.0476953740583428e-07
89.1111111111111	2.0267880213696582e-07
89.209209209209206	2.0059094203168255e-07
89.307307307307312	1.985059510960668e-07
89.405405405405403	1.9645403198613214e-07
89.503503503503495	1.9465698664578985e-07
89.601601601601601	1.92862405476837e-07
89.699699699699707	1.9110181016730532e-07
89.797797797797799	1.8934400187259281e-07
89.89589589589589	1.8758859967987489e-07
89.993993993993996	1.8583570088012633e-07
90.092092092092088	1.840853506577043e-07
90.190190190190194	1.8233762034957566e-07
90.288288288288285	1.8059227543072245e-07
90.386386386386391	1.7884931096694563e-07
90.484484484484483	1.7710872203787397e-07
90.582582582582575	1.7537050373691344e-07
90.68068068068068	1.7363465117119802e-07
90.778778778778786	1.7190891730889584e-07
90.876876876876878	1.7040721158344974e-07
90.97497497497497	1.6891741767767679e-07
91.073073073073061	1.6744513936830999e-07
91.171171171171181	1.6597485845271845e-07
91.269269269269273	1.6450657082474352e-07
91.367367367367365	1.6304027238965746e-07
91.465465465465456	1.6157595906412429e-07
91.563563563563562	1.6011362677615886e-07
91.661661661661668	1.5865331549213886e-07
91.75975975975976	1.5719508090437911e-07
91.857857857857852	1.5573907387819017e-07
91.955955955955957	1.5428504523113879e-07
92.054054054054049	1.5283297672211813e-07
92.152152152152155	1.5138286434820607e-07
92.250250250250247	1.5007271746794018e-07
92.348348348348352	1.4882254290953621e-07
92.446446446446444	1.4758276617992431e-07
92.544544544544536	1.463446554948723e-07
92.642642642642642	1.4510820746291456e-07
92.740740740740748	1.4387341870193029e-07
92.838838838838839	1.4264028583911058e-07
92.936936936936931	1.414088055109249e-07
93.035035035035023	1.4017897436308942e-07
93.133133133133128	1.3895078905053384e-07
93.231231231231234	1.3772424623736983e-07
93.329329329329326	1.3649934259685836e-07
93.427427427427418	1.352761540748927e-07
93.525525525525524	1.3405479663971114e-07
93.623623623623629	1.3287366819826293e-07
93.721721721721721	1.318176317359192e-07
93.819819819819813	1.3077051752904698e-07
93.917917917917919	1.2972479727914303e-07
94.016016016016025	1.2868046817605573e-07
94.114114114114116	1.2763752741729735e-07
94.212212212212208	1.2659597220801717e-07
94.310310310310314	1.2555579976097504e-07
94.408408408408405	1.2451700729651566e-07
94.506506506506511	1.2347959204254085e-07
94.604604604604603	1.2244355123448473e-07
94.702702702702709	1.2140888211528629e-07
94.800800800800801	1.2037558193536465e-07
94.898898898898892	1.1934364795259215e-07
94.996996996996998	1.1831307743226889e-07
95.095095095095104	1.1735514145143455e-07
95.193193193193196	1.1646373337962095e-07
95.291291291291287	1.1557368504380516e-07
95.389389389389379	1.1468483891829311e-07
95.487487487487485	1.1379716413126253e-07
95.585585585585591	1.1291065771550933e-07
95.683683683683682	1.1202531734308681e-07
95.781781781781774	1.111411406923192e-07
95.87987987987988	1.1025812544777998e-07
95.977977977977986	1.0937626930027098e-07
96.076076076076077	1.084955699468004e-07
96.174174174174169	1.0761602509056163e-07
96.272272272272275	1.067376324409121e-07
96.370370370370367	1.0586038971335262e-07
96.468468468468473	1.0498429462950556e-07
96.566566566566564	1.0418419550057537e-07
96.66466466466467	1.034245219240493e-07
96.762762762762762	1.0266584051044171e-07
96.860860860860853	1.0190816036535841e-07
96.958958958958959	1.0115160835506348e-07
97.057057057057051	1.003961609714665e-07
97.155155155155157	9.9641721892905082e-08
97.253253253253249	9.8888266259959299e-08
97.35135135135134	9.813579062629483e-08
97.449449449449446	9.7384293063057842e-08
97.547547547547552	9.6633771646524215e-08
97.645645645645644	9.5884224458081697e-08
97.743743743743735	9.5135649584212636e-08
97.841841841841841	9.4388045116476919e-08
97.939939939939947	9.3643443143423396e-08
98.038038038038039	9.2959322203438529e-08
98.13613613613613	9.2323340482914952e-08
98.234234234234236	9.1688181353143469e-08
98.332332332332328	9.1053843204275603e-08
98.430430430430434	9.0420324430718169e-08
98.528528528528525	8.9787623431120069e-08
98.626626626626631	8.9155742218784294e-08
98.724724724724723	8.852480150482445e-08
98.822822822822815	8.7894756997849555e-08
98.920920920920921	8.7265539761647213e-08
99.019019019019026	8.663713722365106e-08
99.117117117117118	8.600954256845872e-08
99.21521521521521	8.5382754224902016e-08
99.313313313313316	8.4756770625938854e-08
99.411411411411407	8.4131590208639842e-08
99.509509509509513	8.3507211414173799e-08
99.607607607607605	8.2883632687794993e-08
99.705705705705697	8.2260852478828576e-08
99.803803803803802	8.1638869240657527e-08
99.901901901901908	8.1017681430709291e-08
100	8.0397287510441957e-08
