Mw	Cnd
2	1.7392012795004822e-10
3.3683919925796211	3.4613329453927913e-10
4.4576914109610115	5.3393559995279587e-10
5.5246820807104342	7.8321560456881181e-10
6.5690485651263764	1.1190006634890786e-09
7.5904592402420548	1.5769031184157116e-09
8.5885648161515089	2.2101156020844394e-09
9.5629966593421507	3.0933996516634519e-09
10.513364879936079	4.3412359702528528e-09
11.439256139357262	6.1273770374191663e-09
12.340231123143017	8.7171091846074837e-09
13.215821609564806	1.2527457788261833e-08
14.065527046224112	1.82216812683806e-08
14.888810522132788	2.6887906806374948e-08
15.685093989471842	4.0337133873257741e-08
16.453752543526075	6.1675318171502602e-08
17.194107505560858	9.6401717678506661e-08
17.905417962863304	1.5451766670518628e-07
18.586870288837286	2.5496144568587921e-07
19.237564971036818	4.3508782865160039e-07
19.856499777672461	7.719547881345285e-07
20.442547825658664	1.433305805741551e-06
20.994428351850864	2.8054517434566973e-06
21.510666696133207	5.837129116063484e-06
21.989537697285936	1.3002868037604356e-05
22.428982326185285	3.1039070039998695e-05
22.826478428440094	7.7648605616817613e-05
23.178826253249337	0.00018574369941572213
23.481757437859365	0.00034061517582467627
23.72911368626087	0.0004332822497897174
23.910640841525279	0.00046170415050973408
24	0.00046381005267454424
24.089359158474721	0.00045830705165322502
24.27088631373913	0.0004243923272973626
24.518242562140635	0.00033150838820308339
24.821173746750663	0.00018520394494685115
25.173521571559906	8.0763558781154457e-05
25.571017673814715	3.377192563465707e-05
26.010462302714064	1.4814675513126626e-05
26.489333303866793	6.9671908872824428e-06
27.005571648149136	3.5142018229182915e-06
27.557452174341336	1.8875963352047894e-06
28.143500222327539	1.0710692045759463e-06
28.762435028963182	6.374702855610593e-07
29.413129711162714	3.954099834933634e-07
30.094582037136696	2.5428514918516454e-07
30.805892494439142	1.6878123092773626e-07
31.546247456473925	1.1519470957373406e-07
32.314906010528162	8.0591416319517951e-08
33.111189477867214	5.7630095672822782e-08
33.934472953775888	4.2038702437075474e-08
34.784178390435194	3.1215727984697806e-08
35.659768876856987	2.3553891963082978e-08
36.560743860642738	1.8037110345449272e-08
37.486635120063923	1.3996712745586452e-08
38.437003340657853	1.0994229770618233e-08
39.411435183848489	8.7334808920755739e-09
40.409540759757945	7.0094116918457046e-09
41.43095143487362	5.6797972220883521e-09
42.475317919289566	4.642798837168662e-09
43.542308589038988	3.8265912563970216e-09
44.631608007420382	3.1778394348186786e-09
45.742915615794274	2.657758997982874e-09
46.875944569528954	2.2376136581001157e-09
48.030420698923102	1.8953253351971861e-09
49.206081578268822	1.6149147082617201e-09
50.40267568892056	1.3833362114292746e-09
51.619961664437113	1.1912214035855492e-09
52.857707607671585	1.030550097668397e-09
54.115690471175199	8.9556241439819184e-10
55.39369549351926	7.816053772031776e-10
56.691515685172128	6.8493140142687814e-10
58.008951358434906	6.0253431757063041e-10
59.34580969666893	5.3197979946899244e-10
60.70190435866634	4.7121008595248776e-10
62.077055114539952	4.1865761804070265e-10
63.47108750995681	3.7334302509546172e-10
64.883832555923675	3.3366240456448106e-10
66.31512644166294	2.9924831028871555e-10
67.76481026840213	2.6886667557301024e-10
69.232729802146764	2.4241975948747434e-10
70.718735243720758	2.1895505887339182e-10
72.22268101454469	1.9819472080878722e-10
73.744425556785487	1.7992030330489778e-10
75.283831146654023	1.6361640394155234e-10
76.840763719752289	1.4905898715189586e-10
78.415092707482387	1.3607028528199622e-10
80.006690883627243	1.2444709206275604e-10
81.615434220299278	1.1403039006669704e-10
83.241201752529662	1.0466323950039298e-10
84.883875450839042	9.6225117682956948e-11
86.543340101191305	8.8602296542927598e-11
88.219483191786097	8.1708914525643967e-11
89.912194806194023	7.5460369950539095e-11
91.621367522382315	6.9790816439098609e-11
93.346896317217258	6.4633751143922823e-11
95.088678476065013	5.9938334866773002e-11
96.846613507144255	5.5651749569204626e-11
98.620603060311794	5.1735016662777476e-11
100	4.8938880029535027e-11

