mass	division
2	5.9092411216903108e-05
2	5.9092411216903108e-05
2.1864406779661021	6.2941592134727907e-05
2.5593220338983045	7.239904905354391e-05
2.9322033898305087	8.3806913892655986e-05
3.3050847457627111	9.701865570341535e-05
3.3683919925796211	9.9885650175073688e-05
3.6779661016949152	0.00010597580769685257
4.0508474576271176	0.00011603759735684095
4.4237288135593218	0.00012815346642122168
4.4576914109610115	0.00012959087833712966
4.796610169491526	0.00013480316632822649
5.1694915254237284	0.00014342520111645089
5.5246820807104342	0.00015385278339666376
5.5423728813559325	0.00015386369426003636
5.9152542372881358	0.00015831866512306314
6.2881355932203391	0.00016573292575857961
6.5690485651263764	0.00017333746851821497
6.6610169491525424	0.00017302560270410078
7.0338983050847457	0.00017594476742168144
7.406779661016949	0.00018198186891198284
7.5904592402420548	0.00018643880514036774
7.7796610169491522	0.00018514532220995206
8.1525423728813564	0.00018678445869943849
8.5254237288135588	0.00019159764220795357
8.5885648161515089	0.0001929653749142281
8.898305084745763	0.00018984049355498324
9.2711864406779654	0.00019035738567113624
9.5629966593421507	0.00019331220089023761
9.6440677966101696	0.00019137634820868846
10.016949152542374	0.00018723533222388448
10.389830508474576	0.00018721316177811113
10.513364879936079	0.00018828242123900644
10.762711864406779	0.00018214954579697063
11.135593220338983	0.00017801772609579196
11.439256139357262	0.00017771625754542172
11.508474576271187	0.00017549331481437681
11.881355932203389	0.00016834551262358714
12.254237288135593	0.00016564649788618387
12.340231123143017	0.00016574732285789366
12.627118644067796	0.00015738549380540909
13	0.00015171658013337467
13.215821609564806	0.00015050711125328266
13.372881355932204	0.0001446077595033237
13.745762711864407	0.00013604830637778607
14.065527046224112	0.00013245831274722402
14.118644067796611	0.00013025468906783185
14.491525423728813	0.00011992335230201616
14.864406779661017	0.00011460366097451315
14.888810522132788	0.00011444062219749866
15.237288135593221	0.00010316250783728775
15.610169491525424	9.6698146981667751e-05
15.685093989471842	9.5996983273415062e-05
15.983050847457626	8.694252771618673e-05
16.35593220338983	8.0690854608777234e-05
16.453752543526075	7.9794895369419546e-05
16.728813559322035	7.1763311836868119e-05
17.101694915254235	6.574720318344791e-05
17.194107505560858	6.492187473806422e-05
17.474576271186443	5.6940069157579864e-05
17.847457627118644	5.1280257423548986e-05
17.905417962863304	5.078502763160477e-05
18.220338983050848	4.3093037425782405e-05
18.586870288837286	3.8624718264870203e-05
18.593220338983052	3.8429965577202884e-05
18.966101694915253	3.1177155965773211e-05
19.237564971036818	2.8666589681549792e-05
19.338983050847457	2.6286151291085198e-05
19.711864406779661	2.1471671679825632e-05
19.856499777672461	2.0562018010595603e-05
20.084745762711865	1.6827149599313914e-05
20.442547825658664	1.4184485697307265e-05
20.457627118644069	1.3897585180413111e-05
20.83050847457627	1.0101325931616268e-05
20.994428351850864	9.4385411588230483e-06
21.203389830508474	7.2428182349239277e-06
21.510666696133207	5.957457804986114e-06
21.576271186440678	5.2674808204661742e-06
21.949152542372882	3.6159830498853667e-06
21.989537697285936	3.5371246374984051e-06
22.322033898305087	2.1116461821450953e-06
22.428982326185285	1.8667441624647187e-06
22.694915254237287	1.0624760912036125e-06
22.826478428440094	6.7873396035028307e-07
23.067796610169491	2.4786954574873255e-07
23.178826253249337	1.5467712729459924e-07
23.440677966101696	0
23.481757437859365	0
23.72911368626087	0
23.910640841525279	0
24	0
24	0
24.089359158474721	0
24.27088631373913	0
24.518242562140635	0
24.821173746750663	0
25.173521571559906	0
25.571017673814715	0
26.010462302714064	0
26.489333303866793	0
27.005571648149136	0
27.557452174341336	0
28.143500222327539	0
28.762435028963182	0
29.413129711162714	0
30.094582037136696	0
30.805892494439142	0
31.546247456473925	0
32.314906010528162	0
33.111189477867214	0
33.934472953775888	0
34.784178390435194	0
35.659768876856987	0
36.560743860642738	0
37.486635120063923	0
38.437003340657853	0
39.411435183848489	0
40.409540759757945	0
41.43095143487362	0
42.475317919289566	0
43.542308589038988	0
44.631608007420382	0
45.742915615794274	0
46.875944569528954	0
48.030420698923102	0
49.206081578268822	0
50.40267568892056	0
51.619961664437113	0
52.857707607671585	0
54.115690471175199	0
55.39369549351926	0
56.691515685172128	0
58.008951358434906	0
59.34580969666893	0
60.70190435866634	0
62.077055114539952	0
63.47108750995681	0
64.883832555923675	0
66.31512644166294	0
67.76481026840213	0
69.232729802146764	0
70.718735243720758	0
72.22268101454469	0
73.744425556785487	0
75.283831146654023	0
76.840763719752289	0
78.415092707482387	0
80.006690883627243	0
81.615434220299278	0
83.241201752529662	0
84.883875450839042	0
86.543340101191305	0
88.219483191786097	0
89.912194806194023	0
91.621367522382315	0
93.346896317217258	0
95.088678476065013	0
96.846613507144255	0
98.620603060311794	0
100	0
100	0
