mass	division
2	8.649054116470164e-05
2	8.649054116470164e-05
2.4830508474576263	0.0001078461918965727
2.9639122168998071	0.00013613386317475507
3.4491525423728824	0.0001499418623069877
4.4152542372881349	0.00019375495637768514
4.6149937720645653	0.00020647365173556798
5.381355932203391	0.00023652493708899638
6.2474884730339113	0.00028069779096333411
6.3474576271186436	0.00028318610535745312
7.3135593220338997	0.00032431645504288391
7.8612541484263545	0.00035442101652787233
8.2796610169491522	0.0003659969764419626
9.2457627118644083	0.00040674311174223893
9.4561447461829786	0.0004188464268256529
10.211864406779661	0.00044325943805948202
11.032010148353123	0.00047998763131739389
11.177966101694917	0.00048289107287250994
12.14406779661017	0.00051748289381353099
12.588695973101977	0.00053928795015660222
13.110169491525426	0.00055035830158907677
14.076271186440678	0.00058427611373070151
14.126043362775142	0.00058681128255061877
15.042372881355933	0.00060874764273100002
15.643888756722752	0.00063126128138682903
16.008474576271187	0.00063488266815380249
16.974576271186443	0.00065923317944009284
17.142063647434014	0.00066596951920398512
17.940677966101696	0.00067478778187900581
18.62039431836002	0.00069230923424634574
18.906779661016948	0.00069087494461715073
19.872881355932204	0.00070216504951800855
20.078701561605364	0.00070772609157398905
20.83898305084746	0.0007074097777158624
21.51680037344132	0.00071772530983928878
21.805084745762713	0.00071398331605329775
22.771186440677965	0.00071763239779802244
22.934499625332499	0.00072073724739171491
23.737288135593221	0.0007108054003766239
24.33160170786627	0.0007134337473953885
24.703389830508474	0.00070462295870243538
25.66949152542373	0.00069877096719480627
25.707902144624626	0.00069912804960335726
26.635593220338983	0.00068326455159986729
27.0631891726307	0.00068302506761345832
27.601694915254239	0.00066840699489827929
28.397243285527139	0.00066059474467387381
28.567796610169491	0.00065433114699804467
29.533898305084747	0.00063588950856076701
29.70983673508654	0.00063524878366637868
30.5	0.0006103329911061751
31.000732985999061	0.00060330350490034855
31.466101694915253	0.00058474763608595598
32.269686118108254	0.0005673763057026576
32.432203389830505	0.00056051870981879931
33.398305084745765	0.00053629479854276553
33.516440169347433	0.00053505985895503498
34.364406779661017	0.00050383989884740282
34.740728411533482	0.00049643304324383972
35.33050847457627	0.0004693993747136489
35.942272549862011	0.00045272163167321786
36.296610169491522	0.00043547078755241177
37.120781835366309	0.00041054389288116823
37.262711864406782	0.00040327912590680672
38.228813559322035	0.00037123924588954851
38.275952077685922	0.00037034834204955041
39.194915254237287	0.00034036246157898833
39.407464543155406	0.00033645657458417376
40.16101694915254	0.00030777642192001336
40.51498472035874	0.00029970670888800456
41.127118644067792	0.00027538164692572935
41.598160931757491	0.00026390867394842472
42.093220338983052	0.00024439361794159663
42.656622765600304	0.00023057153455803369
43.059322033898304	0.00021487227593287557
43.689979296805546	0.00019948155899660367
44.025423728813557	0.00018677474086830777
44.697817058536515	0.00017079609497661102
44.991525423728817	0.00016043065855341683
45.679697717296492	0.00014524375204641335
45.957627118644069	0.00013636100000250558
46.63515539291906	0.00012293078893365573
46.923728813559322	0.00011432385051901966
47.563693549926015	0.00010265611198504462
47.889830508474574	9.391011517674992e-05
48.464781367107193	8.4678635754715424e-05
48.855932203389827	7.5609096274541901e-05
49.337849466029269	6.909007360779292e-05
49.822033898305079	5.9583377269273841e-05
50.182284843850333	5.5625841236441018e-05
50.788135593220339	4.610836276041381e-05
50.997424807357575	4.4361445268920501e-05
51.754237288135592	3.4480350848542766e-05
51.78254963755996	3.4296243915583659e-05
52.536873618148782	2.6346677849871185e-05
52.720338983050851	2.3978719200509731e-05
53.259533921864296	2.0050320890418051e-05
53.686440677966104	1.6123225218049544e-05
53.949576642009532	1.4665122942914334e-05
54.60593894102162	1.0388389865673862e-05
54.652542372881356	1.0012079389155696e-05
55.227425792276073	6.5039788142888199e-06
55.618644067796609	4.8085989744346472e-06
55.812678983836769	3.5131246827713567e-06
56.360134681688351	1.0997710666018659e-06
56.584745762711862	4.1021913625134683e-07
56.867963402705584	2.6632306780020571e-07
57.333981606594847	7.6717025435986476e-08
57.550847457627114	0
57.755514622232624	0
58.129169207278196	0
58.45041888760219	0
58.712732970014734	0
58.905237220357556	0
59	0
59	0
59.094762779642444	0
59.287267029985266	0
59.54958111239781	0
59.870830792721804	0
60.244485377767376	0
60.666018393405153	0
61.132036597294416	0
61.639865318311649	0
62.187321016163231	0
62.772574207723927	0
63.39406105897838	0
64.050423357990468	0
64.740466078135697	0
65.463126381851211	0
66.217450362440033	0
67.002575192642425	0
67.817715156149674	0
68.662150533970731	0
69.535218632892807	0
70.436306450073985	0
71.36484460708094	0
72.320302282703508	0
73.302182941463485	0
74.310020703194454	0
75.343377234399696	0
76.401839068242509	0
77.48501527964126	0
78.592535456844587	0
79.724047922314071	0
80.879218164633699	0
82.057727450137989	0
83.259271588466518	0
84.483559830652567	0
85.730313881891746	0
86.999267014000935	0
88.29016326491346	0
89.602756714472861	0
90.9368108273693	0
92.292097855375374	0
93.66839829213373	0
95.065500374667494	0
96.483199626558672	0
97.921298438394643	0
100	0
