Mw	Div
2	2.0707453111106893e-07
2	2.0707453111106893e-07
2.1794871794871797	2.2344348594343608e-07
2.5384615384615383	2.6071738971881389e-07
2.8974358974358978	3.0363656523316892e-07
3.2276897961238351	3.4881791827960202e-07
3.2564102564102564	3.5083413645285059e-07
3.615384615384615	3.8878807538015451e-07
3.9743589743589745	4.3330876484293058e-07
4.104540862020313	4.5330802567249457e-07
4.333333333333333	4.7341983864980239e-07
4.6923076923076925	5.1477869339047036e-07
4.9577953525881142	5.5180710421779493e-07
5.0512820512820511	5.580863645239122e-07
5.4102564102564106	5.9477766444759188e-07
5.7692307692307692	6.3972151033753838e-07
5.7870098456461072	6.4262785004178214e-07
6.1282051282051277	6.7143507058313125e-07
6.4871794871794872	7.1186944916567228e-07
6.5917103007497868	7.2744965984730659e-07
6.8461538461538467	7.4293153890824237e-07
7.2051282051282053	7.776932551620595e-07
7.3713882446119747	7.9995814915331612e-07
7.5641025641025639	8.0681642854217238e-07
7.9230769230769234	8.3487378478286144e-07
8.1254962459430207	8.5866318148749381e-07
8.2820512820512828	8.598571938864769e-07
8.6410256410256405	8.8058902136910739e-07
8.8534424983509421	9.0269341546828734e-07
9	8.9992253337364747e-07
9.3589743589743595	9.1415425277388121e-07
9.5545842695863428	9.3177446028180068e-07
9.7179487179487172	9.2415646283996278e-07
10.076923076923077	9.3119180734949385e-07
10.228219889668633	9.4380924656308108e-07
10.435897435897436	9.2972044898820976e-07
10.794871794871796	9.325930664374702e-07
10.873578826053308	9.3888535462709729e-07
11.153846153846153	9.1492070349317906e-07
11.48980920932371	9.1659001831787954e-07
11.512820512820513	9.1208021495977762e-07
11.871794871794872	8.8051363129486051e-07
12.075961891290023	8.8332469108900757e-07
12.23076923076923	8.5241879319516282e-07
12.589743589743589	8.2808042997703727e-07
12.630969674671089	8.2999689484624135e-07
12.948717948717949	7.7377066246549965e-07
13.153619632444379	7.6832542254706069e-07
13.307692307692307	7.2343870858353841e-07
13.642515210445175	6.8677706955784475e-07
13.666666666666668	6.7642514080935769e-07
14.025641025641026	5.9965022329979811e-07
14.096022621294027	5.9615011283462506e-07
14.384615384615385	5.0551410323033842e-07
14.512191893151895	4.8239590828277476e-07
14.743589743589745	3.8925670989837713e-07
14.888634458523681	3.2882383618046746e-07
15.102564102564102	2.3025117008106547e-07
15.22232004266391	1.4806729715780625e-07
15.461538461538462	3.4866520894642522e-08
15.50920635832547	3.0026867669176657e-08
15.743461286061375	1.2929929540857921e-08
15.91537378438462	4.0284190704670276e-09
16	0
16	0
16.08462621561538	0
16.256538713938625	0
16.490793641674529	0
16.77767995733609	0
17.111365541476317	0
17.487808106848107	0
17.903977378705971	0
18.357484789554825	0
18.846380367555621	0
19.369030325328911	0
19.924038108709979	0
20.51019079067629	0
21.126421173946692	0
21.771780110331367	0
22.445415730413657	0
23.146557501649056	0
23.874503754056981	0
24.628611755388025	0
25.408289699250211	0
26.212990154353893	0
27.042204647411886	0
27.895459137979685	0
28.772310203876167	0
29.672341799101375	0
30.595162477719001	0
31.540403000521373	0
32.507714258814403	0
33.496765462968938	0
34.507242553611583	0
35.538846801269401	0
36.59129356650908	0
37.664311197537273	0
38.757640046158372	0
39.871031586144966	0
41.004247620635184	0
42.157059567255992	0
43.329247811383787	0
44.520601119365359	0
45.730916104695268	0
46.959996741123568	0
48.207653917488621	0
49.473705029760609	0
50.757973606366789	0
52.060288963366631	0
53.38048588646928	0
54.718404337249808	0
56.073889181232637	0
57.446789935781069	0
58.836960535964614	0
60.244259116779276	0
61.668547810272145	0
63.109692556276279	0
64.567562925597031	0
66.042031954609797	0
67.532975990333654	0
69.040274545137976	0
70.563810160320898	0
72.103468277870576	0
73.659137119785242	0
75.230707574385463	0
76.818073089102427	0
78.421129569273575	0
80.039775282516175	0
81.673910768287953	0
83.323438752275948	0
84.988264065285392	0
86.668293566327023	0
88.363436069625834	0
90.073602275296437	0
91.7987047034499	0
93.538657631515733	0
95.293377034578427	0
97.06278052854401	0
98.846787315964889	0
100	0
100	0

