Mw	P
2	2.1029791183367047e-10
2.0980980980980979	2.2785703237212878e-10
2.1961961961961962	2.4575677310609755e-10
2.2942942942942941	2.6398935840221915e-10
2.3923923923923924	2.8254666846696417e-10
2.4904904904904903	3.014203678574777e-10
2.5885885885885886	3.2060200235182004e-10
2.6866866866866865	3.4010658573937127e-10
2.7847847847847849	3.5991093367035502e-10
2.8828828828828827	3.7999843636524815e-10
2.9809809809809811	4.0038371358823195e-10
3.079079079079079	4.2126446871687413e-10
3.1771771771771773	4.4257893278682238e-10
3.2752752752752752	4.6740034949903891e-10
3.3733733733733731	4.9601089856938721e-10
3.4714714714714714	5.2573762054202316e-10
3.5695695695695697	5.5619459179459873e-10
3.6676676676676676	5.8721412292686096e-10
3.7657657657657655	6.1862922104239988e-10
3.8638638638638643	6.5045616886949478e-10
3.9619619619619622	6.8258950678656949e-10
4.06006006006006	7.1501393574975904e-10
4.1581581581581579	7.5310151722774684e-10
4.2562562562562558	7.9599284108085312e-10
4.3543543543543546	8.3923100950756424e-10
4.4524524524524525	8.8286038750012543e-10
4.5505505505505504	9.2814562150069555e-10
4.6486486486486491	9.7383476406410404e-10
4.7467467467467461	1.0206004929190307e-09
4.8448448448448449	1.0682069717945714e-09
4.9429429429429428	1.1161394385299756e-09
5.0410410410410407	1.1783057154133325e-09
5.1391391391391394	1.24339334827224e-09
5.2372372372372364	1.3093095418228109e-09
5.3353353353353352	1.3756161257756928e-09
5.433433433433434	1.4423026061018896e-09
5.531531531531531	1.5094907238306873e-09
5.6296296296296298	1.5787549472280775e-09
5.7277277277277285	1.6483908137543844e-09
5.8258258258258255	1.7292501659267918e-09
5.9239239239239243	1.8287085497871008e-09
6.0220220220220222	1.9288904304645856e-09
6.1201201201201201	2.0296185699208921e-09
6.218218218218218	2.1308516749484886e-09
6.3163163163163158	2.2325958980113055e-09
6.4144144144144146	2.3351548890362728e-09
6.5125125125125125	2.4391609240902117e-09
6.6106106106106104	2.5542079855744567e-09
6.7087087087087083	2.7083523748201999e-09
6.8068068068068062	2.8630955511937734e-09
6.9049049049049049	3.0184013528045942e-09
7.0030030030030028	3.1748858032813166e-09
7.1011011011011007	3.3342400419415331e-09
7.1991991991991986	3.4966456638791011e-09
7.2972972972972974	3.6596970254728305e-09
7.3953953953953953	3.8423700848978015e-09
7.4934934934934931	4.0848295746192303e-09
7.591591591591591	4.3279901296938807e-09
7.6896896896896889	4.5778799903820628e-09
7.7877877877877877	4.8339087035648899e-09
7.8858858858858856	5.0905309693147923e-09
7.9839839839839835	5.348348488852352e-09
8.0820820820820813	5.6066786667776253e-09
8.1801801801801801	5.9450971287404797e-09
8.2782782782782789	6.3537004129046741e-09
8.3763763763763777	6.7714634181010713e-09
8.4744744744744729	7.1900067025234938e-09
8.5725725725725717	7.6092076840532322e-09
8.6706706706706704	8.0344717143580398e-09
8.7687687687687692	8.464360972948474e-09
8.866866866866868	8.9657248120382661e-09
8.9649649649649632	9.6813199794719003e-09
9.063063063063062	1.0397741244985359e-08
9.1611611611611607	1.1114909808543369e-08
9.2592592592592595	1.1836726404450539e-08
9.3573573573573583	1.2659643933006978e-08
9.4554554554554571	1.3488391384944728e-08
9.5535535535535523	1.4318400959024052e-08
9.6516516516516511	1.5612404385955904e-08
9.7497497497497498	1.6962076454487156e-08
9.8478478478478486	1.8567630520908295e-08
9.9459459459459474	2.017318236130154e-08
10.044044044044044	2.1778610526612474e-08
10.142142142142141	2.3383763860678393e-08
10.24024024024024	2.5810019887456096e-08
10.338338338338339	2.92953844518826e-08
10.436436436436436	3.2779429969560491e-08
10.534534534534535	3.6264707278835229e-08
10.632632632632632	4.2126816396545374e-08
10.73073073073073	4.9314292691123591e-08
10.828828828828829	5.6491082831084692e-08
10.926926926926926	6.4619351749081244e-08
11.025025025025025	8.817389337014301e-08
11.123123123123122	1.1243878015102685e-07
11.221221221221221	1.3665676833774527e-07
11.31931931931932	2.004937255916954e-07
11.417417417417417	2.8272401371175981e-07
11.515515515515515	3.6576282570490896e-07
11.613613613613612	5.1386062851527574e-07
11.711711711711711	6.7091686077123776e-07
11.80980980980981	7.8714944772214192e-07
11.907907907907907	8.7323227268536202e-07
12.006006006006006	8.9855395257324225e-07
12.104104104104103	8.6733657312050679e-07
12.202202202202201	7.9737174810833561e-07
12.3003003003003	6.9716303750936764e-07
12.398398398398397	5.7214621027080164e-07
12.496496496496496	4.6387123257140129e-07
12.594594594594595	4.0439640502000637e-07
12.692692692692692	3.5762930557311994e-07
12.790790790790791	3.4226180567095278e-07
12.888888888888888	3.5717360611731117e-07
12.986986986986986	3.7211746683100851e-07
13.085085085085085	3.8968926450184618e-07
13.183183183183182	4.3536321391753935e-07
13.281281281281281	5.170814569475538e-07
13.379379379379378	5.9878884409099407e-07
13.477477477477477	6.8228999700290389e-07
13.575575575575575	7.6770176137077566e-07
13.673673673673672	8.9976798808467203e-07
13.771771771771771	1.1320667363905516e-06
13.86986986986987	1.3645872743620518e-06
13.967967967967967	1.5975218238593279e-06
14.066066066066066	1.8302223219251015e-06
14.164164164164164	2.3879526800123062e-06
14.262262262262263	3.0879882212537997e-06
14.360360360360358	3.7876369257410183e-06
14.458458458458457	4.486518560568823e-06
14.556556556556556	5.9377497677077322e-06
14.654654654654655	8.2990116854327623e-06
14.752752752752754	1.0657535200818769e-05
14.850850850850849	1.3013314969743487e-05
14.948948948948948	1.9234704891916791e-05
15.047047047047046	2.7870343940535536e-05
15.145145145145145	3.6495063142859453e-05
15.243243243243244	4.9143719146712158e-05
15.341341341341339	7.6649695797043562e-05
15.439439439439438	0.00010411911955537382
15.537537537537537	0.00013498927536005948
15.635635635635635	0.000174277418950334
15.733733733733734	0.00021351016743148031
15.831831831831833	0.00023411498076051512
15.929929929929928	0.00025036864231269668
16.028028028028025	0.00025076940655626866
16.126126126126124	0.0002382973883826621
16.224224224224223	0.00021773066543137183
16.322322322322321	0.00018574397387756243
16.42042042042042	0.00014818417094386203
16.518518518518519	0.00011383701050439536
16.616616616616618	8.7547732121961397e-05
16.714714714714717	6.1298684915176815e-05
16.812812812812815	4.1369428404842921e-05
16.910910910910914	3.2715638219946104e-05
17.009009009009006	2.4075562109210004e-05
17.107107107107105	1.5449510982904549e-05
17.205205205205203	1.2702116809287399e-05
17.303303303303302	1.0225920936709287e-05
17.401401401401401	7.7538059515131659e-06
17.4994994994995	5.4880809004605494e-06
17.597597597597598	4.7196990809558758e-06
17.695695695695697	3.9526420196852845e-06
17.793793793793796	3.1869130475317092e-06
17.891891891891895	2.4225622473663272e-06
17.989989989989986	2.096503194597902e-06
18.088088088088089	1.8323679624842761e-06
18.186186186186188	1.5687072122542128e-06
18.284284284284283	1.3055405024346528e-06
18.382382382382382	1.08407768043509e-06
18.48048048048048	9.8394069282755588e-07
18.578578578578579	8.8400096299437213e-07
18.676676676676678	7.8746418075995654e-07
18.774774774774773	6.9162812901531176e-07
18.872872872872872	6.1206383628542801e-07
18.970970970970971	5.7587918907133348e-07
19.069069069069069	5.3979394244887743e-07
19.167167167167168	5.0379532497977596e-07
19.265265265265263	4.6990638963977958e-07
19.363363363363362	4.4126604075145551e-07
19.461461461461461	4.350522559114777e-07
19.55955955955956	4.3082698561248828e-07
19.657657657657658	4.2702678531875503e-07
19.755755755755754	4.232663024526527e-07
19.853853853853852	4.195471721978024e-07
19.951951951951951	4.3404674280944749e-07
20.05005005005005	4.5674572586395679e-07
20.148148148148149	4.8011022391162238e-07
20.246246246246244	5.0355363723825892e-07
20.344344344344343	5.2738737496865869e-07
20.442442442442442	5.5189369822400387e-07
20.54054054054054	6.1468662929731736e-07
20.638638638638639	6.8297578306032769e-07
20.736736736736734	7.5125991805621079e-07
20.834834834834833	8.1959264739469921e-07
20.932932932932932	8.8814608850955535e-07
21.031031031031031	9.9286388761492731e-07
21.129129129129129	1.160892295196654e-06
21.227227227227225	1.3318100358751205e-06
21.325325325325323	1.502686540124032e-06
21.423423423423422	1.6735099684957342e-06
21.521521521521521	1.8904583868985901e-06
21.61961961961962	2.3274698770222313e-06
21.717717717717715	2.7643276574476724e-06
21.815815815815814	3.2025844562100832e-06
21.913913913913913	3.6925785778289718e-06
22.012012012012011	4.3524690013637879e-06
22.11011011011011	5.5498205270287587e-06
22.208208208208205	6.7658300630364919e-06
22.306306306306304	8.0369991121220376e-06
22.404404404404403	9.3075391305401644e-06
22.502502502502502	1.2098784906790437e-05
22.6006006006006	1.5373595920525887e-05
22.698698698698696	1.8646775775256142e-05
22.796796796796794	2.186795830353034e-05
22.894894894894893	2.8594553437086589e-05
22.992992992992992	3.6810103092316051e-05
23.091091091091091	4.4985502205241298e-05
23.189189189189189	5.3694827436203977e-05
23.287287287287285	6.7272277555262535e-05
23.385385385385383	8.0789265968197541e-05
23.483483483483482	9.4239086465537208e-05
23.581581581581581	0.00010408476477280682
23.67967967967968	0.00011391441680089573
23.777777777777775	0.00012085698203220729
23.875875875875874	0.00012493960678587067
23.973973973973973	0.0001267637073185641
24.072072072072071	0.0001256775786030696
24.17017017017017	0.0001212484170608611
24.268268268268265	0.00011628845140967836
24.366366366366364	0.00010645061727763141
24.464464464464463	9.6548865841353284e-05
24.562562562562562	8.5400941438597627e-05
24.66066066066066	7.2721927984747622e-05
24.758758758758756	6.0051966367477567e-05
24.856856856856854	4.9191383111560004e-05
24.954954954954953	4.1517615145483721e-05
25.053053053053052	3.4079544373459223e-05
25.151151151151151	2.6655360149648709e-05
25.24924924924925	2.2880782194672885e-05
25.347347347347345	2.0185266803983912e-05
25.445445445445444	1.759389038932359e-05
25.543543543543542	1.5508755067634215e-05
25.641641641641641	1.4931935452433259e-05
25.73973973973974	1.4912166548149209e-05
25.837837837837835	1.5044603013843376e-05
25.935935935935934	1.5543271749771293e-05
26.034034034034033	1.717437159457493e-05
26.132132132132131	1.9515401035326318e-05
26.23023023023023	2.2068111054808747e-05
26.328328328328329	2.4735420069665155e-05
26.426426426426424	2.8206779621820068e-05
26.524524524524526	3.3597178423675862e-05
26.622622622622622	3.8938920731350461e-05
26.720720720720717	4.4278681233208833e-05
26.818818818818819	4.9954226801100195e-05
26.916916916916914	6.0005597308978204e-05
27.015015015015017	6.9767329794843708e-05
27.113113113113112	7.9394778257664252e-05
27.211211211211207	8.9922411783960877e-05
27.30930930930931	0.00010145428081399399
27.407407407407405	0.0001127114451830677
27.505505505505507	0.00012239950810696907
27.603603603603602	0.00012883824447610517
27.701701701701698	0.00013522256395968741
27.7997997997998	0.00013813809532776722
27.897897897897895	0.00014023577991846854
27.995995995995997	0.00014001583282970782
28.094094094094093	0.00013772889061033488
28.192192192192188	0.00013287959634137095
28.29029029029029	0.00012794132307399514
28.388388388388385	0.00011964080896064763
28.486486486486488	0.00011134849775417018
28.584584584584583	0.00010094780832473659
28.682682682682678	8.9206339321327803e-05
28.780780780780781	7.7496347561015888e-05
28.878878878878876	6.6713014268288817e-05
28.976976976976978	5.7178730692919101e-05
29.075075075075073	4.768959563297084e-05
29.173173173173176	3.8266342134933661e-05
29.271271271271271	3.2504433975674352e-05
29.369369369369366	2.7859038735005772e-05
29.467467467467468	2.3252220876313981e-05
29.565565565565564	1.8688450390833727e-05
29.663663663663666	1.5880074272546735e-05
29.761761761761761	1.406132617701652e-05
29.859859859859856	1.2257243620779532e-05
29.957957957957959	1.0494395481833972e-05
30.056056056056054	8.8678268019314408e-06
30.154154154154156	8.2997708280990649e-06
30.252252252252251	7.7262549559838663e-06
30.350350350350347	7.1531795035819881e-06
30.448448448448449	6.7058777076033731e-06
30.546546546546544	6.3253628417172317e-06
30.644644644644647	6.3409893249497973e-06
30.742742742742742	6.3570100049158482e-06
30.840840840840837	6.4456746137078232e-06
30.938938938938939	6.5982597765191353e-06
31.037037037037035	6.7419780250229599e-06
31.135135135135137	7.0074149682665377e-06
31.233233233233232	7.2476816834859782e-06
31.331331331331327	7.46994221606821e-06
31.42942942942943	7.6855686608259901e-06
31.527527527527525	7.7883527349911849e-06
31.625625625625627	7.8155061874258649e-06
31.723723723723722	7.9115000647250473e-06
31.821821821821825	7.8800178327509492e-06
31.91991991991992	7.8358334284701805e-06
32.018018018018012	7.7099943882435273e-06
32.116116116116117	7.5230371184329067e-06
32.214214214214209	7.2781261236454881e-06
32.312312312312315	7.041656113127571e-06
32.410410410410407	6.7289162955924593e-06
32.508508508508505	6.4164084445004218e-06
32.606606606606604	6.0029639371702357e-06
32.704704704704703	5.5642987368012863e-06
32.802802802802802	5.128093141156766e-06
32.900900900900901	4.6692446852845195e-06
32.998998998998999	4.1908343303306228e-06
33.097097097097098	3.7148225300338019e-06
33.195195195195197	3.2459954499040885e-06
33.293293293293296	2.8854113271285775e-06
33.391391391391394	2.5507962139783403e-06
33.489489489489486	2.2163417553708325e-06
33.587587587587592	1.8890040743819831e-06
33.685685685685684	1.6614548683552552e-06
33.78378378378379	1.4926435368884741e-06
33.881881881881881	1.3239181830099371e-06
33.979979979979973	1.1554895532510264e-06
34.078078078078079	9.8731485018541777e-07
34.176176176176178	9.0403199410056966e-07
34.274274274274276	8.2566268878710299e-07
34.372372372372375	7.5058131200008506e-07
34.470470470470467	6.7576445673403386e-07
34.568568568568566	6.0099617752276782e-07
34.666666666666664	5.6242840161114561e-07
34.764764764764763	5.2749941874402806e-07
34.862862862862862	4.9269008096719651e-07
34.960960960960961	4.5851390465324385e-07
35.059059059059059	4.2948582301597976e-07
35.157157157157158	4.0923228751497047e-07
35.255255255255257	3.979229652973297e-07
35.353353353353356	3.8702940312632395e-07
35.451451451451454	3.7622031480792686e-07
35.549549549549546	3.6547777768724664e-07
35.647647647647645	3.5649031460136339e-07
35.745745745745744	3.5955154057758561e-07
35.843843843843842	3.6582140528580998e-07
35.941941941941941	3.7215372850006827e-07
36.04004004004004	3.7861856938857201e-07
36.138138138138139	3.8509017334346562e-07
36.236236236236238	3.9156842264490807e-07
36.334334334334336	4.1536948213155975e-07
36.432432432432435	4.4273090423646263e-07
36.530530530530527	4.7058920083698734e-07
36.628628628628626	4.9887103745539336e-07
36.726726726726724	5.2722406547494065e-07
36.824824824824823	5.5557888329350028e-07
36.922922922922922	6.2098619563462214e-07
37.021021021021021	6.8899497211856075e-07
37.119119119119119	7.5708897672430195e-07
37.217217217217218	8.252038830236039e-07
37.315315315315317	8.9347371032042783e-07
37.413413413413416	9.9807584646906934e-07
37.511511511511507	1.1524501771428951e-06
37.609609609609606	1.3070890374314859e-06
37.707707707707705	1.462541949861362e-06
37.805805805805804	1.6179790110956065e-06
37.903903903903903	1.8216680884386126e-06
38.002002002002001	2.1576408623301558e-06
38.1001001001001	2.4935940336439187e-06
38.198198198198199	2.8297268227679873e-06
38.296296296296298	3.1658877194950006e-06
38.394394394394396	3.6606242230101649e-06
38.492492492492488	4.2909262759190701e-06
38.590590590590594	4.9213834265636994e-06
38.688688688688686	5.5520349963506672e-06
38.786786786786784	6.2318683318843676e-06
38.884884884884883	7.0511771254765808e-06
38.982982982982982	7.8703257426504411e-06
39.081081081081081	8.6895887495176603e-06
39.179179179179179	9.4211905655088077e-06
39.277277277277278	1.005352139654943e-05
39.375375375375377	1.0685700830390186e-05
39.473473473473469	1.1259463510251656e-05
39.571571571571575	1.1613168844718318e-05
39.669669669669666	1.1967325060280968e-05
39.767767767767765	1.2205830626553625e-05
39.865865865865864	1.2348698448156568e-05
39.963963963963963	1.2414455871880982e-05
40.062062062062061	1.2374270791742759e-05
40.16016016016016	1.2219258456681873e-05
40.258258258258259	1.2023126478578893e-05
40.356356356356358	1.1688798988259686e-05
40.454454454454449	1.1300163007440774e-05
40.552552552552555	1.0898528429139758e-05
40.650650650650647	1.0275278988771578e-05
40.748748748748746	9.6532846576405197e-06
40.846846846846844	9.0314831747666478e-06
40.944944944944943	8.2926617055800521e-06
41.043043043043042	7.5239921548142913e-06
41.141141141141141	6.7555314659279263e-06
41.23923923923924	5.9880304604786923e-06
41.337337337337338	5.3917022641248054e-06
41.43543543543543	4.7955721949827005e-06
41.533533533533536	4.1997431097684463e-06
41.631631631631627	3.6041077123701262e-06
41.729729729729733	3.2057510217151342e-06
41.827827827827825	2.8814880542208964e-06
41.925925925925924	2.5573382304593735e-06
42.024024024024023	2.2332941021325614e-06
42.122122122122121	1.909357755010214e-06
42.22022022022022	1.7567309082465469e-06
42.318318318318319	1.604557382183874e-06
42.416416416416411	1.4525601908048654e-06
42.514514514514516	1.3006200149451141e-06
42.612612612612608	1.1487426925711818e-06
42.710710710710714	1.069777259202751e-06
42.808808808808806	1.0046074096381567e-06
42.906906906906904	9.394675741668194e-07
43.005005005005003	8.7435658980322897e-07
43.103103103103102	8.0927598534605462e-07
43.201201201201201	7.5552479029717276e-07
43.2992992992993	7.2921431392021117e-07
43.397397397397391	7.0291948456183582e-07
43.495495495495497	6.7664032766620123e-07
43.593593593593589	6.5039705324108956e-07
43.691691691691695	6.2792383577913914e-07
43.789789789789786	6.1191018122688053e-07
43.887887887887885	6.0739102117756631e-07
43.985985985985984	6.0299956009466036e-07
44.084084084084083	5.9890953634089949e-07
44.182182182182181	5.948413467278523e-07
44.28028028028028	5.9078352006755888e-07
44.378378378378379	5.871078333536408e-07
44.476476476476478	5.9148285359119429e-07
44.574574574574569	5.9871203299439403e-07
44.672672672672675	6.0912881570180189e-07
44.770770770770767	6.1983249409655245e-07
44.868868868868873	6.3111900635664883e-07
44.966966966966964	6.4241430017496014e-07
45.065065065065063	6.5531435025058608e-07
45.163163163163162	6.707747089522779e-07
45.261261261261261	6.8624127587640011e-07
45.35935935935936	7.017505872713667e-07
45.457457457457458	7.197322240279367e-07
45.55555555555555	7.4543230726445552e-07
45.653653653653656	7.7174800598095291e-07
45.751751751751748	7.9902345332678515e-07
45.849849849849853	8.2768917132641254e-07
45.947947947947945	8.5636404017651443e-07
46.046046046046044	8.8505186870555949e-07
46.144144144144143	9.1374647465224296e-07
46.242242242242241	9.428111274392657e-07
46.34034034034034	9.7898456418811859e-07
46.438438438438439	1.0254853254586552e-06
46.536536536536531	1.0730809446661798e-06
46.634634634634637	1.1206847434052434e-06
46.732732732732728	1.1685798443494054e-06
46.830830830830834	1.2164841608969406e-06
46.928928928928926	1.2646077346482447e-06
47.027027027027025	1.3170178328045116e-06
47.125125125125123	1.3695022744965919e-06
47.223223223223222	1.4397930130199509e-06
47.321321321321321	1.518182566772926e-06
47.41941941941942	1.5965820998048046e-06
47.517517517517511	1.6749911315532213e-06
47.615615615615617	1.7563354880934633e-06
47.713713713713709	1.8435779976674464e-06
47.811811811811815	1.9310014773656624e-06
47.909909909909906	2.0185589750287059e-06
48.008008008008012	2.1215869568284044e-06
48.106106106106104	2.2520551642935435e-06
48.204204204204203	2.3825356528223095e-06
48.302302302302301	2.5284246454296771e-06
48.4004004004004	2.6750548036947344e-06
48.498498498498499	2.8219329234980204e-06
48.596596596596598	2.9697318805294525e-06
48.694694694694689	3.1176136414370553e-06
48.792792792792795	3.2898872963682473e-06
48.890890890890887	3.5401668081959211e-06
48.988988988988993	3.791687632902836e-06
49.087087087087085	4.0432248161208978e-06
49.185185185185183	4.2947738197812311e-06
49.283283283283282	4.5467808249947641e-06
49.381381381381381	4.8172889271947835e-06
49.47947947947948	5.120812261912094e-06
49.577577577577578	5.5046006431217124e-06
49.67567567567567	5.9380033349234067e-06
49.773773773773776	6.3714682894640143e-06
49.871871871871868	6.8139847630736057e-06
49.969969969969974	7.309300912333584e-06
50.068068068068065	7.8056877179828664e-06
50.166166166166164	8.3020695066132517e-06
50.264264264264263	8.8536993655041055e-06
50.362362362362362	9.5969898273992535e-06
50.46046046046046	1.0357736777036468e-05
50.558558558558559	1.1118536205202204e-05
50.656656656656658	1.1881675548350926e-05
50.754754754754757	1.2643778706301441e-05
50.852852852852848	1.3370372895701976e-05
50.950950950950954	1.4171685617378486e-05
51.049049049049053	1.5331858055223692e-05
51.147147147147152	1.6480262870932976e-05
51.245245245245243	1.7585876592677984e-05
51.343343343343342	1.8695745248487924e-05
51.441441441441434	1.9805623161877915e-05
51.539539539539547	2.0870020690630661e-05
51.637637637637638	2.2301375161548924e-05
51.735735735735737	2.4155437685561224e-05
51.833833833833829	2.5988479075446261e-05
51.931931931931928	2.7825189676003218e-05
52.030030030030034	2.9640918650407989e-05
52.128128128128132	3.1438963880765418e-05
52.226226226226224	3.3378519964215399e-05
52.324324324324323	3.661570064495405e-05
52.422422422422414	3.9844013724008502e-05
52.520520520520527	4.3076837257578384e-05
52.618618618618619	4.628847970251278e-05
52.716716716716718	4.9487745889402552e-05
52.81481481481481	5.2994849513941351e-05
52.912912912912908	5.8707814008881919e-05
53.011011011011014	6.4400018172869087e-05
53.109109109109113	7.009194261619833e-05
53.207207207207205	7.5783561381790815e-05
53.305305305305303	8.1466523738834727e-05
53.403403403403395	8.9063100322336915e-05
53.501501501501508	9.8397788257611134e-05
53.5995995995996	0.00010773188001962904
53.697697697697699	0.00011707143204933236
53.79579579579579	0.00012642312777201619
53.893893893893889	0.0001368839859744632
53.991991991991995	0.00014961133460429524
54.090090090090094	0.00016235457823170888
54.188188188188185	0.00017511050155767717
54.286286286286284	0.00018788796736355127
54.384384384384376	0.00020069669556007716
54.482482482482489	0.00021352373003936473
54.58058058058058	0.00022633953282148983
54.678678678678679	0.00023920602931526544
54.776776776776771	0.00025128775998401219
54.87487487487487	0.00026096943051288679
54.972972972972975	0.00027064491649602226
55.071071071071074	0.00028031358763079507
55.169169169169166	0.00028847005676113467
55.267267267267265	0.00029472852000824259
55.365365365365356	0.00030104401172577404
55.463463463463469	0.00030693216649387548
55.561561561561561	0.00031042076970559093
55.65965965965966	0.00031389652699440919
55.757757757757751	0.00031637078282358103
55.855855855855857	0.000317785313705872
55.953953953953956	0.0003186173019086142
56.052052052052055	0.00031832635097587148
56.150150150150147	0.00031690729619005583
56.248248248248245	0.00031492345225446022
56.346346346346351	0.0003117423814553989
56.44444444444445	0.00030792388506054014
56.542542542542542	0.00030413992206346864
56.64064064064064	0.0002980841077256208
56.738738738738732	0.00029180998288412633
56.836836836836838	0.00028553799187971924
56.934934934934937	0.00027757901677923595
57.033033033033036	0.00026859967783195957
57.131131131131127	0.00025962398178127027
57.229229229229226	0.00025066670077899796
57.327327327327332	0.00023969043782641938
57.425425425425431	0.00022818100780966005
57.523523523523522	0.00021666985718903951
57.621621621621621	0.00020516037065158361
57.719719719719713	0.00019375083653084047
57.817817817817819	0.00018232101267638692
57.915915915915917	0.00017082731871025304
58.014014014014016	0.00015933543942566012
58.112112112112108	0.00014784541673745514
58.210210210210207	0.00013839333427898755
58.308308308308312	0.00012972905662596594
58.406406406406411	0.00012106622530425786
58.504504504504503	0.00011232587879331095
58.602602602602602	0.00010352390561072871
58.700700700700693	9.6504289581210841e-05
58.798798798798799	9.0926100782009775e-05
58.896896896896898	8.5340968340302901e-05
58.994994994994997	7.9695052441499875e-05
59.093093093093088	7.4002691993270561e-05
59.191191191191187	6.8244470372012843e-05
59.289289289289293	6.4709028302904325e-05
59.387387387387392	6.1218834861888764e-05
59.485485485485484	5.7731865567562334e-05
59.583583583583582	5.420207964147078e-05
59.681681681681674	5.0589505289559244e-05
59.77977977977978	4.6977613998109003e-05
59.877877877877879	4.4709269699498433e-05
59.975975975975977	4.2369093345206876e-05
60.074074074074069	4.0029574881900133e-05
60.172172172172168	3.7692565162793122e-05
60.270270270270274	3.5318123481457199e-05
60.368368368368373	3.2837932068200627e-05
60.466466466466464	3.0837166229252622e-05
60.564564564564563	2.9156355865285279e-05
60.662662662662655	2.7475851164669769e-05
60.76076076076076	2.5763091621918372e-05
60.858858858858859	2.4050501180308512e-05
60.956956956956958	2.233852179132602e-05
61.05505505505505	2.0626881563487979e-05
61.153153153153148	1.9334973482818494e-05
61.251251251251254	1.8194758064541284e-05
61.349349349349353	1.7054759566500025e-05
61.447447447447445	1.5914981763381732e-05
61.545545545545544	1.4775765346224032e-05
61.643643643643649	1.3643995678748043e-05
61.741741741741741	1.268686176355388e-05
61.83983983983984	1.1934173965535965e-05
61.937937937937939	1.1222767856803957e-05
62.03603603603603	1.051150585859659e-05
62.134134134134136	9.800390183837015e-06
62.232232232232235	9.1550735351898083e-06
62.330330330330334	8.5879224732366619e-06
62.428428428428425	8.0209394296381448e-06
62.526526526526524	7.515552180035806e-06
62.62462462462463	7.0876490386606992e-06
62.722722722722722	6.6599059548571192e-06
62.820820820820821	6.2770616183684745e-06
62.918918918918919	5.9405941450563274e-06
63.017017017017011	5.6042055011117736e-06
63.115115115115117	5.2680586538481996e-06
63.213213213213216	4.9320232981909398e-06
63.311311311311314	4.6546456438017099e-06
63.409409409409406	4.4073564427183412e-06
63.507507507507505	4.2049665623650399e-06
63.605605605605611	4.0026852336983532e-06
63.703703703703702	3.8004534376556893e-06
63.801801801801801	3.5982717318894083e-06
63.8998998998999	3.3961988432871636e-06
63.997997997997992	3.1942361290073162e-06
64.09609609609609	3.0396644781093655e-06
64.194194194194196	2.9154040074962833e-06
64.292292292292302	2.7911756414926552e-06
64.390390390390394	2.6669792366796123e-06
64.488488488488485	2.5428441291003026e-06
64.586586586586591	2.418758493552153e-06
64.684684684684683	2.2947057853179778e-06
64.782782782782789	2.1780963737989713e-06
64.880880880880881	2.0817676055139578e-06
64.978978978978972	2.0037195899870147e-06
65.077077077077078	1.92569255042464e-06
65.175175175175184	1.8476866858825524e-06
65.273273273273276	1.7697021951533083e-06
65.371371371371367	1.6917393038198857e-06
65.469469469469459	1.6144551848505242e-06
65.567567567567579	1.546313013759893e-06
65.665665665665671	1.4782328713740739e-06
65.763763763763762	1.4232679716444262e-06
65.861861861861854	1.3731196691961406e-06
65.959959959959946	1.3229856726518556e-06
66.058058058058066	1.2728660730432859e-06
66.156156156156158	1.2227610042220266e-06
66.254254254254249	1.1748046981923697e-06
66.352352352352355	1.1304163839438889e-06
66.450450450450447	1.0860579171427583e-06
66.548548548548553	1.0417382124660435e-06
66.646646646646644	1.0065465378001416e-06
66.74474474474475	9.7358200371680515e-07
66.842842842842842	9.4062741439634076e-07
66.940940940940934	9.0768291324675898e-07
67.039039039039039	8.7600707349739425e-07
67.137137137137131	8.4646816522258384e-07
67.235235235235237	8.1693852456625291e-07
67.333333333333329	7.8741821670100053e-07
67.43143143143142	7.5791787952924433e-07
67.529529529529526	7.3277900001018605e-07
67.627627627627632	7.1065216010967597e-07
67.725725725725724	6.8853225114779047e-07
67.823823823823815	6.6654794428307635e-07
67.921921921921921	6.46506965373607e-07
68.020020020020027	6.2647267131623723e-07
68.118118118118119	6.0644490496089606e-07
68.21621621621621	5.8642370944619995e-07
68.314314314314316	5.6640927906684062e-07
68.412412412412422	5.4686954556518587e-07
68.510510510510514	5.3172526328699994e-07
68.608608608608606	5.1658721709274318e-07
68.706706706706711	5.0203792323811827e-07
68.804804804804803	4.8819483976150746e-07
68.902902902902909	4.7435640508692676e-07
69.001001001001001	4.6052264750609924e-07
69.099099099099092	4.4669359959430152e-07
69.197197197197198	4.3286942113846855e-07
69.29529529529529	4.1905022009314667e-07
69.393393393393396	4.0629582188864785e-07
69.491491491491487	3.9573840435084576e-07
69.589589589589593	3.8564428832787692e-07
69.687687687687685	3.7591767775436922e-07
69.785785785785777	3.6619456882749012e-07
69.883883883883883	3.5647485533907671e-07
69.981981981981988	3.4675856352750405e-07
70.08008008008008	3.3704573858323339e-07
70.178178178178172	3.2733636640001434e-07
70.276276276276278	3.1763046617667171e-07
70.374374374374383	3.0856084816045717e-07
70.472472472472475	3.0127676633788555e-07
70.570570570570567	2.9432992763042657e-07
70.668668668668673	2.8739045988568672e-07
70.766766766766764	2.8045385066932585e-07
70.86486486486487	2.7351977098332933e-07
70.962962962962962	2.6658821453298128e-07
71.061061061061054	2.5965919456996786e-07
71.159159159159159	2.5273276126442211e-07
71.257257257257251	2.4580897204777221e-07
71.355355355355357	2.3888775712557936e-07
71.453453453453449	2.3379088789809907e-07
71.551551551551555	2.287623888857175e-07
71.649649649649646	2.2373575021421395e-07
71.747747747747738	2.1871322467619667e-07
71.845845845845844	2.1369426018387349e-07
71.94394394394395	2.0867727119729204e-07
72.042042042042041	2.036621764571113e-07
72.140140140140133	1.9864898713006223e-07
72.238238238238239	1.9363771891845062e-07
72.336336336336345	1.8866684663966263e-07
72.434434434434436	1.8434115018855674e-07
72.532532532532528	1.8065180881567382e-07
72.630630630630634	1.7696495691806804e-07
72.728728728728726	1.7327959688194007e-07
72.826826826826832	1.6959565552435831e-07
72.924924924924923	1.6591595541747883e-07
73.023023023023015	1.6223770298514038e-07
73.121121121121121	1.5856088634188372e-07
73.219219219219212	1.5488564201536137e-07
73.317317317317318	1.5123666181186438e-07
73.41541541541541	1.4772496387767162e-07
73.513513513513516	1.4466757169979899e-07
73.611611611611607	1.4192660968573006e-07
73.709709709709699	1.3918767797285824e-07
73.807807807807805	1.364498490533759e-07
73.905905905905911	1.3371311693660917e-07
74.004004004004003	1.3097781647033727e-07
74.102102102102094	1.2824536906436064e-07
74.2002002002002	1.2551410483076555e-07
74.298298298298306	1.2278394412005152e-07
74.396396396396398	1.2015309250380354e-07
74.494494494494489	1.1753664348412458e-07
74.592592592592595	1.1520763114124439e-07
74.690690690690701	1.1314983525821066e-07
74.788788788788793	1.1109410810480999e-07
74.886886886886884	1.090392174332455e-07
74.984984984984976	1.0698516636825853e-07
75.083083083083082	1.0493195801037952e-07
75.181181181181188	1.0287973523014627e-07
75.27927927927928	1.0082979972686083e-07
75.377377377377371	9.8807867056702901e-08
75.475475475475477	9.6837910788160479e-08
75.573573573573569	9.4868781219302191e-08
75.671671671671675	9.2977324916761199e-08
75.769769769769766	9.1414248192440115e-08
75.867867867867872	8.9852633022508295e-08
75.965965965965964	8.8292146869354099e-08
76.064064064064056	8.6732353967267364e-08
76.162162162162161	8.517321797764786e-08
76.260260260260267	8.3614741420830279e-08
76.358358358358359	8.2056925724669705e-08
76.456456456456451	8.0531765678652674e-08
76.554554554554556	7.9032243228997631e-08
76.652652652652662	7.7533365189758605e-08
76.750750750750754	7.6035133600902403e-08
76.848848848848846	7.4722336296495612e-08
76.946946946946937	7.3523457852402983e-08
77.045045045045043	7.2325848101588446e-08
77.143143143143149	7.1128892878426576e-08
77.241241241241241	6.9932509429338913e-08
77.339339339339332	6.873667755735052e-08
77.437437437437438	6.754143104458539e-08
77.53553553553553	6.6367520008892504e-08
77.633633633633636	6.5213938332042994e-08
77.731731731731728	6.406156458381263e-08
77.829829829829833	6.2909698749930654e-08
77.927927927927925	6.1758342237376562e-08
78.026026026026017	6.0787576177356495e-08
78.124124124124123	5.9860086522397011e-08
78.222222222222229	5.8933532942507179e-08
78.32032032032032	5.8007532808055405e-08
78.418418418418412	5.7081942270247625e-08
78.516516516516518	5.6156781868862678e-08
78.614614614614624	5.5238646977960308e-08
78.712712712712715	5.4343696054574487e-08
78.810810810810807	5.344924091039595e-08
78.908908908908899	5.2555548170564033e-08
79.007007007007005	5.1662638161316619e-08
79.10510510510511	5.0770134149967481e-08
79.203203203203202	5.0004914932148597e-08
79.301301301301294	4.9280743767886232e-08
79.3993993993994	4.8557148200805548e-08
79.497497497497491	4.7834139814698614e-08
79.595595595595597	4.7111458056068179e-08
79.693693693693689	4.6389103766414035e-08
79.791791791791795	4.5682095318701969e-08
79.889889889889886	4.498213706533576e-08
79.987987987987978	4.4282499401499139e-08
80.086086086086084	4.3583196544022002e-08
80.18418418418419	4.2884476140163903e-08
80.282282282282281	4.21864300543013e-08
80.380380380380373	4.1548657038064996e-08
80.478478478478479	4.0978482132140779e-08
80.576576576576585	4.0408568704490381e-08
80.674674674674677	3.9839295874441532e-08
80.772772772772768	3.9270302274977028e-08
80.87087087087086	3.8701572142381713e-08
80.96896896896898	3.8147910088534686e-08
81.067067067067072	3.759588246612375e-08
81.165165165165163	3.7044112679656345e-08
81.263263263263255	3.6492601310262031e-08
81.361361361361361	3.5941348934188994e-08
81.459459459459467	3.5390459857805848e-08
81.557557557557558	3.4840159609030818e-08
81.65565565565565	3.4382913317011742e-08
81.753753753753756	3.393060343825086e-08
81.851851851851848	3.3478573699820789e-08
81.949949949949954	3.3027038037429857e-08
82.048048048048045	3.2575719817650612e-08
82.146146146146151	3.2135617295642634e-08
82.244244244244243	3.169692831846159e-08
82.342342342342334	3.1258450172032265e-08
82.44044044044044	3.0820181367308508e-08
82.538538538538546	3.0382122038223493e-08
82.636636636636638	2.9944272608395709e-08
82.734734734734729	2.9506633497802791e-08
82.832832832832821	2.9084797403938707e-08
82.930930930930941	2.8723170290987773e-08
83.029029029029033	2.8361715754126318e-08
83.127127127127125	2.8000485752450031e-08
83.225225225225216	2.7639639213792875e-08
83.323323323323322	2.7285025179235339e-08
83.421421421421428	2.693379470414766e-08
83.51951951951952	2.6582756537357155e-08
83.617617617617611	2.6231904324657328e-08
83.715715715715717	2.5881222581069274e-08
83.813813813813809	2.5530711591622198e-08
83.911911911911915	2.5180373550622533e-08
84.010010010010006	2.4830207684292204e-08
84.108108108108112	2.4493655350633408e-08
84.206206206206204	2.4202877710743899e-08
84.304304304304296	2.3912241413824167e-08
84.402402402402402	2.3621748618259616e-08
84.500500500500507	2.3332807741653541e-08
84.598598598598599	2.3049885166451594e-08
84.696696696696691	2.2767110672309112e-08
84.794794794794782	2.2484499097408496e-08
84.892892892892903	2.2202027766737669e-08
84.990990990990994	2.19197046213805e-08
85.089089089089086	2.1637526648942437e-08
85.187187187187178	2.1355518622131351e-08
85.285285285285283	2.1073650930122894e-08
85.383383383383389	2.079321381112166e-08
85.481481481481481	2.0557456017669094e-08
85.579579579579573	2.032198032758198e-08
85.677677677677679	2.0086621314316121e-08
85.77577577577577	1.9854001928157128e-08
85.873873873873876	1.962449795767974e-08
85.971971971971968	1.9395108524665026e-08
86.070070070070074	1.9165833809575679e-08
86.168168168168165	1.8936673991229015e-08
86.266266266266257	1.8707647609848027e-08
86.364364364364363	1.8478745183242066e-08
86.462462462462469	1.8249958156084599e-08
86.56056056056056	1.8021288141609879e-08
86.658658658658652	1.7792740628778486e-08
86.756756756756758	1.7586325325101863e-08
86.854854854854864	1.7394331056644087e-08
86.952952952952955	1.7202583707842039e-08
87.051051051051047	1.7013189636473221e-08
87.149149149149139	1.682601726876764e-08
87.247247247247259	1.6638949316359664e-08
87.345345345345351	1.6451976298285008e-08
87.443443443443442	1.6265098348772045e-08
87.541541541541534	1.607831560078709e-08
87.63963963963964	1.5891628186041693e-08
87.737737737737746	1.5705036235000042e-08
87.835835835835837	1.5518559897302414e-08
87.933933933933929	1.5332181951528887e-08
88.032032032032035	1.5145899833331405e-08
88.130130130130127	1.4987441597703501e-08
88.228228228228232	1.4830062806630825e-08
88.326326326326324	1.4674115818125001e-08
88.42442442442443	1.4520394348324226e-08
88.522522522522522	1.4366850554336203e-08
88.620620620620613	1.421338578732531e-08
88.718718718718719	1.4060000121721167e-08
88.816816816816825	1.3906694304270582e-08
88.914914914914917	1.3753468785204551e-08
89.013013013013008	1.3600322643917564e-08
89.1111111111111	1.344725597771292e-08
89.209209209209206	1.3294268882936109e-08
89.307307307307312	1.3141361454980496e-08
89.405405405405403	1.2991008630427966e-08
89.503503503503495	1.2861248852983216e-08
89.601601601601601	1.273155629530376e-08
89.699699699699707	1.2604575140903646e-08
89.797797797797799	1.2477771104245987e-08
89.89589589589589	1.2351105793907868e-08
89.993993993993996	1.2224515074224832e-08
90.092092092092088	1.2098000547420045e-08
90.190190190190194	1.1971564564685481e-08
90.288288288288285	1.1845194890745477e-08
90.386386386386391	1.1718891612856407e-08
90.484484484484483	1.1592655171307129e-08
90.582582582582575	1.1466486301456497e-08
90.68068068068068	1.1340384006854504e-08
90.778778778778786	1.1214975110081742e-08
90.876876876876878	1.1107549365000277e-08
90.97497497497497	1.1001004319230859e-08
91.073073073073061	1.0895796497397182e-08
91.171171171171181	1.079069756394972e-08
91.269269269269273	1.068573495782561e-08
91.367367367367365	1.0580847017968826e-08
91.465465465465456	1.0476014605800829e-08
91.563563563563562	1.03712377774451e-08
91.661661661661668	1.0266520222634707e-08
91.75975975975976	1.0161865137923871e-08
91.857857857857852	1.0057279929862555e-08
91.955955955955957	9.9527510017708794e-09
92.054054054054049	9.8482779430860406e-09
92.152152152152155	9.7438609293517229e-09
92.250250250250247	9.6506140533548048e-09
92.348348348348352	9.5621216503582649e-09
92.446446446446444	9.4743903875676389e-09
92.544544544544536	9.3867106144523776e-09
92.642642642642642	9.2991438451125072e-09
92.740740740740748	9.211692089512921e-09
92.838838838838839	9.1242871761325092e-09
92.936936936936931	9.0369291470879205e-09
93.035035035035023	8.9496180440317667e-09
93.133133133133128	8.8623539081552933e-09
93.231231231231234	8.7751367801910507e-09
93.329329329329326	8.6879675727303957e-09
93.427427427427418	8.600850830632413e-09
93.525525525525524	8.5137920950587631e-09
93.623623623623629	8.4298572287606936e-09
93.721721721721721	8.3558410742700072e-09
93.819819819819813	8.2824774942826527e-09
93.917917917917919	8.2091538826427087e-09
94.016016016016025	8.1358704997198349e-09
94.114114114114116	8.062675768313462e-09
94.212212212212208	7.9895831674569845e-09
94.310310310310314	7.9165328511416332e-09
94.408408408408405	7.8435221861968575e-09
94.506506506506511	7.7705512034516954e-09
94.604604604604603	7.6976199333736855e-09
94.702702702702709	7.6247284060708372e-09
94.800800800800801	7.5518766512938014e-09
94.898898898898892	7.4790646984378871e-09
94.996996996996998	7.406292676731316e-09
95.095095095095104	7.3392479389472623e-09
95.193193193193196	7.2774519398287255e-09
95.291291291291287	7.2156997459580425e-09
95.389389389389379	7.1539822312321752e-09
95.487487487487485	7.0922984638006788e-09
95.585585585585591	7.0306735567920011e-09
95.683683683683682	6.96914317649331e-09
95.781781781781774	6.907646932636931e-09
95.87987987987988	6.8461947161829563e-09
95.977977977977986	6.7847762630238676e-09
96.076076076076077	6.7233915956683355e-09
96.174174174174169	6.6620407363412861e-09
96.272272272272275	6.6007237069855728e-09
96.370370370370367	6.5394405292636298e-09
96.468468468468473	6.4781912245590279e-09
96.566566566566564	6.4228994586065405e-09
96.66466466466467	6.3707501092938285e-09
96.762762762762762	6.3186304538500351e-09
96.860860860860853	6.2665408753665738e-09
96.958958958958959	6.2144872248399741e-09
97.057057057057051	6.1624797891153503e-09
97.155155155155157	6.1105435796079566e-09
97.253253253253249	6.058654093068394e-09
97.35135135135134	6.0067934800903996e-09
97.449449449449446	5.9549629004053995e-09
97.547547547547552	5.9031690237299912e-09
97.645645645645644	5.8514039469637478e-09
97.743743743743735	5.7996676861849908e-09
97.841841841841841	5.7479602572500571e-09
97.939939939939947	5.6964441527032423e-09
98.038038038038039	5.649634977334527e-09
98.13613613613613	5.6065569035812003e-09
98.234234234234236	5.563502749247425e-09
98.332332332332328	5.5204725274021818e-09
98.430430430430434	5.4774662509326029e-09
98.528528528528525	5.4344869475147298e-09
98.626626626626631	5.3915521587845124e-09
98.724724724724723	5.3486763684173532e-09
98.822822822822815	5.3058343679866741e-09
98.920920920920921	5.2630168397468971e-09
99.019019019019026	5.220223513501643e-09
99.117117117117118	5.1774542284630308e-09
99.21521521521521	5.1347144783334764e-09
99.313313313313316	5.0919990633112194e-09
99.411411411411407	5.0493076565260223e-09
99.509509509509513	5.0066402689608872e-09
99.607607607607605	4.9639969114293676e-09
99.705705705705697	4.9213775945764814e-09
99.803803803803802	4.8787823288797202e-09
99.901901901901908	4.8362111246500457e-09
100	4.7936639920328017e-09
