Mw	P
2	0.43594151981809115
2.0980980980980979	0.43787106964230088
2.1961961961961962	0.43991456585092492
2.2942942942942941	0.44204229063177924
2.3923923923923924	0.44422992696740943
2.4904904904904903	0.44645747604021063
2.5885885885885886	0.44870842153994145
2.6866866866866865	0.45096907773594647
2.7847847847847849	0.45322807597088005
2.8828828828828827	0.45328158753319214
2.9809809809809811	0.45317747877533227
3.079079079079079	0.45301999676880711
3.1771771771771773	0.45280408439414632
3.2752752752752752	0.45252570191482261
3.3733733733733731	0.45218166369905821
3.4714714714714714	0.45176950322935266
3.5695695695695697	0.4512873609321546
3.6676676676676676	0.45073389053121543
3.7657657657657655	0.45010818052466572
3.8638638638638643	0.4494096880774297
3.9619619619619622	0.44863818315803217
4.06006006006006	0.44779370116934891
4.1581581581581579	0.44687650265404355
4.2562562562562558	0.44588703891787113
4.3543543543543546	0.4448250974280803
4.4524524524524525	0.44340553928361021
4.5505505505505504	0.44191346249329438
4.6486486486486491	0.44034990965196302
4.7467467467467461	0.43871600270060862
4.8448448448448449	0.43701292878704795
4.9429429429429428	0.43524192804124862
5.0410410410410407	0.43340428299511202
5.1391391391391394	0.43150130941818537
5.2372372372372364	0.42953434837540289
5.3353353353353352	0.4275047593418449
5.433433433433434	0.42541391423366426
5.531531531531531	0.42326319223464215
5.6296296296296298	0.42105397531491984
5.7277277277277285	0.41878764435291538
5.8258258258258255	0.4164655757836726
5.9239239239239243	0.41419477777177854
6.0220220220220222	0.4121857859064304
6.1201201201201201	0.41012739482440547
6.218218218218218	0.40802084171524439
6.3163163163163158	0.40586735050330597
6.4144144144144146	0.40366813053625722
6.5125125125125125	0.40142437547648635
6.6106106106106104	0.39913726237110614
6.7087087087087083	0.39680795087919812
6.8068068068068062	0.39443758263752982
6.9049049049049049	0.39202728074824084
7.0030030030030028	0.38957814937394736
7.1011011011011007	0.3870912734274336
7.1991991991991986	0.38456771834459497
7.2972972972972974	0.3820085299306139
7.3953953953953953	0.3794147342705001
7.4934934934934931	0.37712312100592582
7.591591591591591	0.37494332218023052
7.6896896896896889	0.37273336248143241
7.7877877877877877	0.37049410964945112
7.8858858858858856	0.36822641398403794
7.9839839839839835	0.36593110846733168
8.0820820820820813	0.3636090089107169
8.1801801801801801	0.36126091412271882
8.2782782782782789	0.35888760609503695
8.3763763763763777	0.35648985020412738
8.4744744744744729	0.35406839542603286
8.5725725725725717	0.35162397456241062
8.6706706706706704	0.34915730447592741
8.7687687687687692	0.34666908633339738
8.866866866866868	0.34416000585521267
8.9649649649649632	0.34177986782779818
9.063063063063062	0.33965552226451967
9.1611611611611607	0.33751297449652518
9.2592592592592595	0.33535279930260697
9.3573573573573583	0.3331755586734087
9.4554554554554571	0.330981802045206
9.5535535535535523	0.32877206653393592
9.6516516516516511	0.32654687716893654
9.7497497497497498	0.32430674712592883
9.8478478478478486	0.32205217795882274
9.9459459459459474	0.31978365982998475
10.044044044044044	0.3175016717386448
10.142142142142141	0.31520668174716443
10.24024024024024	0.31289914720492362
10.338338338338339	0.31057951496961383
10.436436436436436	0.30832101220772457
10.534534534534535	0.30633256665496705
10.632632632632632	0.30433350510177953
10.73073073073073	0.30232420286891587
10.828828828828829	0.30030502669385867
10.926926926926926	0.29827633491336569
11.025025025025025	0.29623847764306144
11.123123123123122	0.29419179695402364
11.221221221221221	0.29213662704632748
11.31931931931932	0.29007329441952323
11.417417417417417	0.28800211804002962
11.515515515515515	0.28592340950543449
11.613613613613612	0.28383747320570274
11.711711711711711	0.28174460648129557
11.80980980980981	0.27964509977821439
11.907907907907907	0.27761611569026423
12.006006006006006	0.27579458496956
12.104104104104103	0.27396718455854568
12.202202202202201	0.27213415966777826
12.3003003003003	0.27029574986110588
12.398398398398397	0.26845218918027697
12.496496496496496	0.26660370626696139
12.594594594594595	0.2647505244822152
12.692692692692692	0.26289286202342427
12.790790790790791	0.26103093203876354
12.888888888888888	0.25916494273920937
12.986986986986986	0.25729509750814222
13.085085085085085	0.25542159500858092
13.183183183183182	0.25354462928808713
13.281281281281281	0.25166438988138068
13.379379379379378	0.24990710812269221
13.477477477477477	0.24825820814268421
13.575575575575575	0.2466063893413091
13.673673673673672	0.24495181268307986
13.771771771771771	0.24329463541714685
13.86986986986987	0.24163501115946207
13.967967967967967	0.23997308997312125
14.066066066066066	0.23830901844692048
14.164164164164164	0.23664293977216541
14.262262262262263	0.23497499381776546
14.360360360360358	0.233305317203651
14.458458458458457	0.23163404337254789
14.556556556556556	0.22996130266014322
14.654654654654655	0.22828722236367771
14.752752752752754	0.2266130698066196
14.850850850850849	0.22513120065321782
14.948948948948948	0.22364812530058892
15.047047047047046	0.22216395246334233
15.145145145145145	0.2206787883388254
15.243243243243244	0.21919273666222933
15.341341341341339	0.21770589876045918
15.439439439439438	0.21621837360479493
15.537537537537537	0.21473025786237068
15.635635635635635	0.2132416459464978
15.733733733733734	0.21175263006585909
15.831831831831833	0.21026330027259807
15.929929929929928	0.20877374450932915
16.028028028028025	0.20728404865509331
16.126126126126124	0.20579429657028195
16.224224224224223	0.20441537991685993
16.322322322322321	0.2030856888432962
16.42042042042042	0.20175593775997194
16.518518518518519	0.20042619866529637
16.616616616616618	0.19909654187412862
16.714714714714717	0.19776703605407966
16.812812812812815	0.19643774826100596
16.910910910910914	0.19510874397371269
17.009009009009006	0.19378008712788533
17.107107107107105	0.192451840149266
17.205205205205203	0.19112406398609386
17.303303303303302	0.18979681814082472
17.401401401401401	0.18847016070114722
17.4994994994995	0.18714414837031187
17.597597597597598	0.18589720491540923
17.695695695695697	0.18470501729535779
17.793793793793796	0.18351340451752238
17.891891891891895	0.1823224154809209
17.989989989989986	0.18113209792270998
18.088088088088089	0.17994249844285243
18.186186186186188	0.17875366252824609
18.284284284284283	0.1775656345763221
18.382382382382382	0.17637845791812648
18.48048048048048	0.17519217484089775
18.578578578578579	0.17400682661015079
18.676676676676678	0.17282245349127826
18.774774774774773	0.17163909477068193
18.872872872872872	0.17045678877644285
18.970970970970971	0.16935346352385777
19.069069069069069	0.16828355911163551
19.167167167167168	0.16721460364013963
19.265265265265263	0.16614663028233248
19.363363363363362	0.16507967140218546
19.461461461461461	0.1640137585716043
19.55955955955956	0.16294892258699015
19.657657657657658	0.16188519348544461
19.755755755755754	0.16082260056062642
19.853853853853852	0.15976117237826823
19.951951951951951	0.1587009367913601
20.05005005005005	0.15764192095500934
20.148148148148149	0.156584151340981
20.246246246246244	0.15553115301299522
20.344344344344343	0.1545683810974772
20.442442442442442	0.15360674046432943
20.54054054054054	0.15264625408465424
20.638638638638639	0.15168694434964933
20.736736736736734	0.15072883308259002
20.834834834834833	0.14977194155055729
20.932932932932932	0.14881629047591977
21.031031031031031	0.14786190004757188
21.129129129129129	0.14690878993193718
21.227227227227225	0.14595697928373871
21.325325325325323	0.14500648675654465
21.423423423423422	0.14405733051309164
21.521521521521521	0.14310952823539252
21.61961961961962	0.14220906396904967
21.717717717717715	0.14134182861666225
21.815815815815814	0.14047582867534153
21.913913913913913	0.13961107951109661
22.012012012012011	0.13874759607994769
22.11011011011011	0.13788539293630531
22.208208208208205	0.13702448424117886
22.306306306306304	0.13616488377021232
22.404404404404403	0.13530660492155627
22.502502502502502	0.13444966072357634
22.6006006006006	0.13359406384240333
22.698698698698696	0.13273982658932745
22.796796796796794	0.1318869609280412
22.894894894894893	0.13105953574581619
22.992992992992992	0.13027543888203993
23.091091091091091	0.12949259938509086
23.189189189189189	0.12871102765056627
23.287287287287285	0.12793073377631956
23.385385385385383	0.12715172756849832
23.483483483483482	0.12637401854746172
23.581581581581581	0.1255976159535763
23.67967967967968	0.12482252875289467
23.777777777777775	0.12404876564271962
23.875875875875874	0.12327633505705489
23.973973973973973	0.12250524517194671
24.072072072072071	0.12173550391071666
24.17017017017017	0.12098757425219658
24.268268268268265	0.1202768076773657
24.366366366366364	0.11956728255210794
24.464464464464463	0.11885900574490239
24.562562562562562	0.11815198390690566
24.66066066066066	0.11744622347633868
24.758758758758756	0.11674173068278611
24.856856856856854	0.11603851155141019
24.954954954954953	0.11533657190708009
25.053053053053052	0.11463591737842004
25.151151151151151	0.11393655340177559
25.24924924924925	0.11323848522510283
25.347347347347345	0.11254171791177867
25.445445445445444	0.11187471611937896
25.543543543543542	0.11122874950742173
25.641641641641641	0.1105839848912275
25.73973973973974	0.10994042663289653
25.837837837837835	0.10929807893526143
25.935935935935934	0.10865694584509793
26.034034034034033	0.10801703125627257
26.132132132132131	0.10737833891282905
26.23023023023023	0.10674087241201317
26.328328328328329	0.10610463520723984
26.426426426426424	0.10546963061100073
26.524524524524526	0.10483586179771619
26.622622622622622	0.10420525435708597
26.720720720720717	0.10361552200676129
26.818818818818819	0.10302693558921762
26.916916916916914	0.1024394978059231
27.015015015015017	0.1018532112388633
27.113113113113112	0.10126807835295461
27.211211211211207	0.10068410149841039
27.30930930930931	0.10010128291306152
27.407407407407405	0.099519624724632397
27.505505505505507	0.098939128952972244
27.603603603603602	0.098359797512244676
27.701701701701698	0.097781632213073649
27.7997997997998	0.097204634764648967
27.897897897897895	0.096655284146907855
27.995995995995997	0.096116532331568624
28.094094094094093	0.095578866914615146
28.192192192192188	0.09504228930533061
28.29029029029029	0.094506800825004816
28.388388388388385	0.093972402708723174
28.486486486486488	0.09343909610712188
28.584584584584583	0.092906882088109766
28.682682682682678	0.092375761638556875
28.780780780780781	0.091845735665951486
28.878878878878876	0.091316805000025217
28.976976976976978	0.090788970394347329
29.075075075075073	0.090282928177020716
29.173173173173176	0.089788507239432713
29.271271271271271	0.089295109031945749
29.369369369369366	0.088802734119247453
29.467467467467468	0.088311382999828603
29.565565565565564	0.08782105610734367
29.663663663663666	0.087331753811944995
29.761761761761761	0.086843476421592708
29.859859859859856	0.086356224183338895
29.957957957957959	0.085869997284588648
30.056056056056054	0.085384795854336906
30.154154154154156	0.084900619964381904
30.252252252252251	0.084440034446426712
30.350350350350347	0.083985154849121724
30.448448448448449	0.083531234909621152
30.546546546546544	0.08307827458899418
30.644644644644647	0.082626273798529826
30.742742742742742	0.082175232400775886
30.840840840840837	0.0817251502105589
30.938938938938939	0.08127602699598456
31.037037037037035	0.080827862479420198
31.135135135135137	0.080380656338458034
31.233233233233232	0.079934408206861512
31.331331331331327	0.079494712177872587
31.42942942942943	0.079074294519587918
31.527527527527525	0.078654775770901172
31.625625625625627	0.078236155504820187
31.723723723723722	0.077818433256175393
31.821821821821825	0.077401608522431914
31.91991991991992	0.076985680764487197
32.018018018018012	0.07657064940745327
32.116116116116117	0.07615651384142505
32.214214214214209	0.075743273422234358
32.312312312312315	0.075330927472189682
32.410410410410407	0.074919475280802852
32.508508508508505	0.074527584435881131
32.606606606606604	0.07413892619727
32.704704704704703	0.073751108694221468
32.802802802802802	0.07336413119461932
32.900900900900901	0.072977992937778624
32.998998998998999	0.072592693135071371
33.097097097097098	0.072208230970540799
33.195195195195197	0.071824605601504332
33.293293293293296	0.071441816159145494
33.391391391391394	0.071059861749094858
33.489489489489486	0.070678741452000579
33.587587587587592	0.07031312465797411
33.685685685685684	0.069952223438201774
33.78378378378379	0.069592108747935547
33.881881881881881	0.069232779670320155
33.979979979979973	0.068874235266752598
34.078078078078079	0.068516474577375155
34.176176176176178	0.068159496621559026
34.274274274274276	0.067803300398379021
34.372372372372375	0.067447884887079743
34.470470470470467	0.067093249047533401
34.568568568568566	0.066739391820688845
34.666666666666664	0.066401868094709507
34.764764764764763	0.066065994432998279
34.862862862862862	0.065730856652691252
34.960960960960961	0.065396453713843047
35.059059059059059	0.065062784560062939
35.157157157157158	0.064729848118903782
35.255255255255257	0.064397643302243887
35.353353353353356	0.064066169006662177
35.451451451451454	0.063735424113806158
35.549549549549546	0.063405407490753476
35.647647647647645	0.06308135224072732
35.745745745745744	0.062767408078906656
35.843843843843842	0.062454153740360188
35.941941941941941	0.062141588120806099
36.04004004004004	0.061829710103332262
36.138138138138139	0.061518518558709927
36.236236236236238	0.061208012345701605
36.334334334334336	0.06089819031136344
36.432432432432435	0.060589051291341997
36.530530530530527	0.060280594110165737
36.628628628628626	0.059973231921641862
36.726726726726724	0.059679172278936862
36.824824824824823	0.059385759839846161
36.922922922922922	0.059092993463804387
37.021021021021021	0.058800872000646577
37.119119119119119	0.058509394290861744
37.217217217217218	0.05821855916584126
37.315315315315317	0.057928365448123492
37.413413413413416	0.057638811951633236
37.511511511511507	0.05734989748191744
37.609609609609606	0.057061620836376115
37.707707707707705	0.056785303721957114
37.805805805805804	0.056509921306026396
37.903903903903903	0.056235145521975963
38.002002002002001	0.05596097520691385
38.1001001001001	0.055687409190963454
38.198198198198199	0.055414446297464774
38.296296296296298	0.055142085343172116
38.394394394394396	0.054870325138447945
38.492492492492488	0.054599164487453535
38.590590590590594	0.054330512344599811
38.688688688688686	0.054070975520456796
38.786786786786784	0.053812010042247081
38.884884884884883	0.053553614754943711
38.982982982982982	0.053295788498247121
39.081081081081081	0.053038530106751296
39.179179179179179	0.052781838410106696
39.277277277277278	0.05252571223318054
39.375375375375377	0.052270150396213744
39.473473473473469	0.052015151714975394
39.571571571571575	0.051766988134169786
39.669669669669666	0.051522461501022597
39.767767767767765	0.051278472526624541
39.865865865865864	0.051035020068313265
39.963963963963963	0.050792102979678698
40.062062062062061	0.050549720110697673
40.16016016016016	0.050307870307866168
40.258258258258259	0.050066552414329148
40.356356356356358	0.049825765270007899
40.454454454454449	0.049589195586019111
40.552552552552555	0.049357878964137222
40.650650650650647	0.049127069979073984
40.748748748748746	0.048896767511681101
40.846846846846844	0.048666970440163333
40.944944944944943	0.048437677640189553
41.043043043043042	0.04820888798500219
41.141141141141141	0.047980600345524371
41.23923923923924	0.047752813590465217
41.337337337337338	0.047529266472924915
41.43543543543543	0.047310055495122252
41.533533533533536	0.047091324429203378
41.631631631631627	0.046873072183701181
41.729729729729733	0.046655297665392205
41.827827827827825	0.046437999779388811
41.925925925925924	0.046221177429229376
42.024024024024023	0.046004829516967119
42.122122122122121	0.045788954943256868
42.22022022022022	0.045579310020104721
42.318318318318319	0.045371209264522518
42.416416416416411	0.04516356279997729
42.514514514514516	0.044956369565512667
42.612612612612608	0.044749628499136093
42.710710710710714	0.044543338537894675
42.808808808808806	0.044337498617950132
42.906906906906904	0.044132107674651776
43.005005005005003	0.043930193145065813
43.103103103103102	0.043731871157408626
43.201201201201201	0.043533980797696908
43.2992992992993	0.043336521037791523
43.397397397397391	0.043139490849033735
43.495495495495497	0.042942889202309181
43.593593593593589	0.042746715068110883
43.691691691691695	0.04255096741660068
43.789789789789786	0.042358137328897739
43.887887887887885	0.042168821225952467
43.985985985985984	0.041979915794104213
44.084084084084083	0.041791420038104425
44.182182182182181	0.041603332962609291
44.28028028028028	0.041415653572233459
44.378378378378379	0.041228380871603049
44.476476476476478	0.041041513865407421
44.574574574574569	0.040858677653707424
44.672672672672675	0.040677663805488679
44.770770770770767	0.040497041235008677
44.868868868868873	0.040316808979612234
44.966966966966964	0.040136966076896437
45.065065065065063	0.039957511564755757
45.163163163163162	0.039778444481426638
45.261261261261261	0.039601197332230824
45.35935935935936	0.039427468871667148
45.457457457457458	0.039254114662747475
45.55555555555555	0.03908113377432932
45.653653653653656	0.038908525275767235
45.751751751751748	0.038736288236951792
45.849849849849853	0.038564421728347391
45.947947947947945	0.03839393224346075
46.046046046046044	0.038226932734170674
46.144144144144143	0.038060291711715141
46.242242242242241	0.03789400827522018
46.34034034034034	0.037728081524512617
46.438438438438439	0.037562510560153438
46.536536536536531	0.037397294483470352
46.634634634634637	0.03723436922626451
46.732732732732728	0.037073586032294492
46.830830830830834	0.036913146723593679
46.928928928928926	0.036753050428264961
47.027027027027025	0.036593296275281115
47.125125125125123	0.036433883394513443
47.223223223223222	0.036275320951722416
47.321321321321321	0.036119948647219978
47.41941941941942	0.035964907548336741
47.517517517517511	0.035810196809843459
47.615615615615617	0.035655815587496052
47.713713713713709	0.035501763038060442
47.811811811811815	0.035348508244905145
47.909909909909906	0.035198130360707187
48.008008008008012	0.035048071951865545
48.106106106106104	0.034898332198257324
48.204204204204203	0.034748910280842212
48.302302302302301	0.034599805381684036
48.4004004004004	0.034452494529113364
48.498498498498499	0.034306720788686983
48.596596596596598	0.034161255680725824
48.694694694694689	0.034016098408691235
48.792792792792795	0.033871248177209448
48.890890890890887	0.033727530472184804
48.988988988988993	0.033585693233336246
49.087087087087085	0.033444155394365453
49.185185185185183	0.033302916179608739
49.283283283283282	0.033161974814620472
49.381381381381381	0.033022535823724782
49.47947947947948	0.032884302323366754
49.577577577577578	0.032746359741783609
49.67567567567567	0.032608707322607552
49.773773773773776	0.032471805138859243
49.871871871871868	0.032336569641376871
49.969969969969974	0.032201618044236824
50.068068068068065	0.03206694960752203
50.166166166166164	0.031933224607562025
50.264264264264263	0.031800684174493624
50.362362362362362	0.031668421298278349
50.46046046046046	0.031536603303729829
50.558558558558559	0.031406177715441172
50.656656656656658	0.031276024734155514
50.754754754754757	0.031146579526312203
50.852852852852848	0.031017951640059573
50.950950950950954	0.030889880800921955
51.049049049049053	0.03076260151883466
51.147147147147152	0.030636106476670082
51.245245245245243	0.030510158205098371
51.343343343343342	0.030384996272824063
51.441441441441434	0.030260511403231549
51.539539539539547	0.030136285222191531
51.637637637637638	0.030013347885824566
51.735735735735737	0.029890820469448246
51.833833833833829	0.02976854717130465
51.931931931931928	0.029647325585220423
52.030030030030034	0.029526937311721766
52.128128128128132	0.029406798208668712
52.226226226226224	0.029286907620248947
52.324324324324323	0.029168419204957198
52.422422422422414	0.029050560438101319
52.520520520520527	0.028932944952553032
52.618618618618619	0.028815572107260181
52.716716716716718	0.028699160750101947
52.81481481481481	0.028583938240784947
52.912912912912908	0.028468952916969228
53.011011011011014	0.028354204153107881
53.109109109109113	0.028239691325024997
53.207207207207205	0.028126577972389606
53.305305305305303	0.028014305572499322
53.403403403403395	0.027902263499846744
53.501501501501508	0.027790451146330945
53.5995995995996	0.027678867905218927
53.697697697697699	0.027568355061791939
53.79579579579579	0.027459081836828103
53.893893893893889	0.027350032008255219
53.991991991991995	0.027241204985830741
54.090090090090094	0.027132600180671287
54.188188188188185	0.027024217005256583
54.286286286286284	0.026917675689698536
54.384384384384376	0.026811649369515023
54.482482482482489	0.026705838910306711
54.58058058058058	0.026600243741309457
54.678678678678679	0.026494863293107868
54.776776776776771	0.026389696997638629
54.87487487487487	0.026286411611021198
54.972972972972975	0.026183633324822105
55.071071071071074	0.026081063404669029
55.169169169169166	0.025978701299396164
55.267267267267265	0.025876546459170556
55.365365365365356	0.025774598335494697
55.463463463463469	0.025673816952640663
55.561561561561561	0.025574274420295799
55.65965965965966	0.025474932829585177
55.757757757757751	0.025375791648943716
55.855855855855857	0.025276850348118479
55.953953953953956	0.025178108398170685
56.052052052052055	0.025079565271477353
56.150150150150147	0.024982743401002171
56.248248248248245	0.024886606290349774
56.346346346346351	0.024790662281026846
56.44444444444445	0.024694910862257197
56.542542542542542	0.024599351524553538
56.64064064064064	0.024503983759718677
56.738738738738732	0.024408807060846603
56.836836836836838	0.024315207065311865
56.934934934934937	0.024222426438702503
57.033033033033036	0.024129831230881537
57.131131131131127	0.02403742095162012
57.229229229229226	0.023945195111950594
57.327327327327332	0.023853153224167211
57.425425425425431	0.023761294801826725
57.523523523523522	0.023670188659507249
57.621621621621621	0.02358070748341996
57.719719719719713	0.023491404218467328
57.817817817817819	0.023402278394643216
57.915915915915917	0.023313329543171609
58.014014014014016	0.023224557196506727
58.112112112112108	0.023135960888333189
58.210210210210207	0.023047540153566061
58.308308308308312	0.02296040251799069
58.406406406406411	0.022874327451233897
58.504504504504503	0.02278842252668473
58.602602602602602	0.022702687295361835
58.700700700700693	0.022617121309479862
58.798798798798799	0.022531724122449168
58.896896896896898	0.022446495288875559
58.994994994994997	0.022361434364559861
59.093093093093088	0.022277549397735512
59.191191191191187	0.022194796119691985
59.289289289289293	0.022112205454791589
59.387387387387392	0.022029776974554091
59.485485485485484	0.021947510251658371
59.583583583583582	0.021865404859941776
59.681681681681674	0.021783460374399485
59.77977977977978	0.02170167637118375
59.877877877877879	0.021620361747860029
59.975975975975977	0.021540842009450435
60.074074074074069	0.021461477601696748
60.172172172172168	0.021382268116045138
60.270270270270274	0.021303213145061953
60.368368368368373	0.021224312282432847
60.466466466466464	0.021145565122961715
60.564564564564563	0.021066971262569761
60.662662662662655	0.020988530298294471
60.76076076076076	0.020911210819828299
60.858858858858859	0.020834981691552859
60.956956956956958	0.020758900473072748
61.05505505505505	0.020682966776226618
61.153153153153148	0.020607180213931806
61.251251251251254	0.020531540400183131
61.349349349349353	0.020456046950051723
61.447447447447445	0.02038069947968368
61.545545545545544	0.020305497606298815
61.643643643643649	0.020231491909805825
61.741741741741741	0.020158446064958018
61.83983983983984	0.020085541000543213
61.937937937937939	0.020012776348066148
62.03603603603603	0.019940151740067483
62.134134134134136	0.019867666810122368
62.232232232232235	0.01979532119283911
62.330330330330334	0.01972311452385761
62.428428428428425	0.019651046439847941
62.526526526526524	0.01957971911314739
62.62462462462463	0.019509748719648851
62.722722722722722	0.019439912266833757
62.820820820820821	0.019370209405125512
62.918918918918919	0.019300639785940026
63.017017017017011	0.01923120306168416
63.115115115115117	0.019161898885754106
63.213213213213216	0.019092726912533851
63.311311311311314	0.019023686797393496
63.409409409409406	0.018954778196687682
63.507507507507505	0.018887450571286934
63.605605605605611	0.018820575204376574
63.703703703703702	0.018753826893342779
63.801801801801801	0.018687205307716989
63.8998998998999	0.018620710117977866
63.997997997997992	0.018554340995549635
64.09609609609609	0.018488097612800337
64.194194194194196	0.018421979643040164
64.292292292292302	0.018355986760519687
64.390390390390394	0.018290166965341099
64.488488488488485	0.018226145675213547
64.586586586586591	0.018162245186846223
64.684684684684683	0.018098465187122326
64.782782782782789	0.018034805363828805
64.880880880880881	0.017971265405654697
64.978978978978972	0.017907845002189272
65.077077077077078	0.017844543843920264
65.175175175175184	0.017781361622232143
65.273273273273276	0.017718298029404236
65.371371371371367	0.017655352758608925
65.469469469469459	0.01759414139957587
65.567567567567579	0.017533097590500375
65.665665665665671	0.017472168012273467
65.763763763763762	0.017411352370089228
65.861861861861854	0.0173506503699991
65.959959959959946	0.017290061718910045
66.058058058058066	0.017229586124582696
66.156156156156158	0.017169223295629608
66.254254254254249	0.01710897294151327
66.352352352352355	0.017048834772544326
66.450450450450447	0.016989845743649257
66.548548548548553	0.016931542841424868
66.646646646646644	0.016873348212508851
66.74474474474475	0.016815261578665301
66.842842842842842	0.016757282662471833
66.940940940940934	0.016699411187317659
67.039039039039039	0.01664164687740179
67.137137137137131	0.016583989457731204
67.235235235235237	0.016526438654118906
67.333333333333329	0.016468994193182141
67.43143143143142	0.016411742142143464
67.529529529529526	0.016356066939343824
67.627627627627632	0.016300494343061356
67.725725725725724	0.016245024090808843
67.823823823823815	0.016189655920869756
67.921921921921921	0.016134389572296445
68.020020020020027	0.016079224784908315
68.118118118118119	0.016024161299289921
68.21621621621621	0.015969198856789154
68.314314314314316	0.015914337199515346
68.412412412412422	0.015859576070337465
68.510510510510514	0.01580523212049038
68.608608608608606	0.015752171466546751
68.706706706706711	0.015699207785517161
68.804804804804803	0.015646340830591052
68.902902902902909	0.01559357035568525
69.001001001001001	0.015540896115442203
69.099099099099092	0.015488317865228113
69.197197197197198	0.015435835361131103
69.29529529529529	0.015383448359959431
69.393393393393396	0.01533115661923959
69.491491491491487	0.015278959897214534
69.589589589589593	0.015227021852854917
69.687687687687685	0.015176458008854643
69.785785785785777	0.015125985803462312
69.883883883883883	0.015075605004684557
69.981981981981988	0.015025315381213641
70.08008008008008	0.014975116702425661
70.178178178178172	0.014925008738378735
70.276276276276278	0.014874991259811223
70.374374374374383	0.014825064038139968
70.472472472472475	0.014775226845458435
70.570570570570567	0.014725479454534965
70.668668668668673	0.01467582163881094
70.766766766766764	0.014627316528065239
70.86486486486487	0.014579222375892088
70.962962962962962	0.014531214596362097
71.061061061061054	0.014483292972115779
71.159159159159159	0.014435457286437359
71.257257257257251	0.014387707323253071
71.355355355355357	0.014340042867129333
71.453453453453449	0.014292463703271091
71.551551551551555	0.014244969617519995
71.649649649649646	0.014197560396352737
71.747747747747738	0.014150235826879201
71.845845845845844	0.014103226927767068
71.94394394394395	0.014057401491326105
72.042042042042041	0.0140116576661881
72.140140140140133	0.013965995248147497
72.238238238238239	0.01392041403360406
72.336336336336345	0.013874913819561263
72.434434434434436	0.013829494403624507
72.532532532532528	0.013784155583999485
72.630630630630634	0.013738897159490494
72.728728728728726	0.013693718929498748
72.826826826826832	0.013648620694020671
72.924924924924923	0.013603602253646268
73.023023023023015	0.013559095216786622
73.121121121121121	0.013515510196576387
73.219219219219212	0.013472002094733416
73.317317317317318	0.01342857072001373
73.41541541541541	0.013385215881740499
73.513513513513516	0.013341937389802383
73.611611611611607	0.01329873505465195
73.709709709709699	0.01325560868730402
73.807807807807805	0.013212558099334054
73.905905905905911	0.013169583102876574
74.004004004004003	0.013126683510623488
74.102102102102094	0.013083859135822525
74.2002002002002	0.013041432392633017
74.298298298298306	0.012999978002037036
74.396396396396398	0.012958596108069169
74.494494494494489	0.0129172865316505
74.592592592592595	0.012876049094232962
74.690690690690701	0.012834883617797794
74.788788788788793	0.012793789924854002
74.886886886886884	0.012752767838436775
74.984984984984976	0.012711817182105968
75.083083083083082	0.012670937779944548
75.181181181181188	0.012630129456557063
75.27927927927928	0.012589392037068076
75.377377377377371	0.012548725347120643
75.475475475475477	0.012509242467301068
75.573573573573569	0.012469881898899256
75.671671671671675	0.01243058949480587
75.769769769769766	0.012391365087846797
75.867867867867872	0.012352208511342938
75.965965965965964	0.012313119599108789
76.064064064064056	0.012274098185450917
76.162162162162161	0.012235144105166513
76.260260260260267	0.012196257193541929
76.358358358358359	0.012157437286351212
76.456456456456451	0.012118684219854601
76.554554554554556	0.012079997830797107
76.652652652652662	0.012041835826622233
76.750750750750754	0.01200439644898498
76.848848848848846	0.0119670213247801
76.946946946946937	0.011929710297492959
77.045045045045043	0.011892463211071623
77.143143143143149	0.011855279909925461
77.241241241241241	0.01181816023892376
77.339339339339332	0.011781104043394297
77.437437437437438	0.011744111169121975
77.53553553553553	0.011707181462347432
77.633633633633636	0.011670314769765613
77.731731731731728	0.011633510938524457
77.829829829829833	0.011596769816223429
77.927927927927925	0.011560769195072294
78.026026026026017	0.011525215895972113
78.124124124124123	0.011489723022125333
78.222222222222229	0.011454290427433511
78.32032032032032	0.011418917966229129
78.418418418418412	0.011383605493274248
78.516516516516518	0.011348352863759216
78.614614614614624	0.011313159933301346
78.712712712712715	0.011278026557943598
78.810810810810807	0.011242952594153257
78.908908908908899	0.01120793789882063
79.007007007007005	0.011172982329257742
79.10510510510511	0.011138085743197034
79.203203203203202	0.011103893598572927
79.301301301301294	0.011070128227846454
79.3993993993994	0.011036419689438901
79.497497497497491	0.011002767846973044
79.595595595595597	0.010969172564472742
79.693693693693689	0.010935633706361738
79.791791791791795	0.01090215113746237
79.889889889889886	0.010868724722994383
79.987987987987978	0.010835354328573642
80.086086086086084	0.010802039820210933
80.18418418418419	0.010768781064310723
80.282282282282281	0.010735577927669916
80.380380380380373	0.010702430277476652
80.478478478478479	0.010669734819668656
80.576576576576585	0.010637663925362261
80.674674674674677	0.010605646491969425
80.772772772772768	0.010573682392180768
80.87087087087086	0.010541771499060104
80.96896896896898	0.010509913686043284
81.067067067067072	0.010478108826937031
81.165165165165163	0.010446356795917749
81.263263263263255	0.010414657467530392
81.361361361361361	0.010383010716687289
81.459459459459467	0.010351416418666997
81.557557557557558	0.010319874449113153
81.65565565565565	0.0102883846840333
81.753753753753756	0.010256946999797768
81.851851851851848	0.010226447275810253
81.949949949949954	0.010196032702734305
82.048048048048045	0.010165668307995144
82.146146146146151	0.010135353973087003
82.244244244244243	0.010105089579850162
82.342342342342334	0.010074875010469794
82.44044044044044	0.010044710147474916
82.538538538538546	0.010014594873737296
82.636636636636638	0.009984529072470362
82.734734734734729	0.0099545126272281067
82.832832832832821	0.0099245454219040342
82.930930930930941	0.0098946273407300635
83.029029029029033	0.0098647582682754916
83.127127127127125	0.0098351960568459178
83.225225225225216	0.0098063004179811692
83.323323323323322	0.0097774519969476403
83.421421421421428	0.0097486506830986377
83.51951951951952	0.0097198963661092111
83.617617617617611	0.0096911889359751167
83.715715715715717	0.0096625282830117981
83.813813813813809	0.0096339142978533916
83.911911911911915	0.0096053468714516772
84.010010010010006	0.0095768258950751049
84.108108108108112	0.0095483512603077511
84.206206206206204	0.0095199228590483517
84.304304304304296	0.0094915405835092562
84.402402402402402	0.009463204326215462
84.500500500500507	0.0094352547275349721
84.598598598598599	0.0094078428052920601
84.696696696696691	0.009380475219941755
84.794794794794782	0.0093531518684610258
84.892892892892903	0.0093258726481249953
84.990990990990994	0.0092986374565059808
85.089089089089086	0.0092714461914725436
85.187187187187178	0.0092442987511885226
85.285285285285283	0.009217195034112129
85.383383383383389	0.0091901349389949885
85.481481481481481	0.009163118364881196
85.579579579579573	0.0091361452111063807
85.677677677677679	0.0091092153772967897
85.77577577577577	0.0090823287633683379
85.873873873873876	0.0090557295791823169
85.971971971971968	0.0090297214475558892
86.070070070070074	0.0090037549559300652
86.168168168168165	0.0089778300083665497
86.266266266266257	0.0089519465092032565
86.364364364364363	0.0089261043630534508
86.462462462462469	0.0089003034748048691
86.56056056056056	0.0088745437496188188
86.658658658658652	0.0088488250929293199
86.756756756756758	0.0088231474104422114
86.854854854854864	0.0087975106081343065
86.952952952952955	0.0087719145922525096
87.051051051051047	0.008746359269312937
87.149149149149139	0.0087208445461000698
87.247247247247259	0.008695370329665884
87.345345345345351	0.008670684372679479
87.443443443443442	0.0086460419547617681
87.541541541541534	0.0086214385653087741
87.63963963963964	0.0085968741152151196
87.737737737737746	0.0085723485156305179
87.835835835835837	0.0085478616779589515
87.933933933933929	0.0085234135138578422
88.032032032032035	0.0084990039352372485
88.130130130130127	0.0084746328542590742
88.228228228228232	0.008450300183336203
88.326326326326324	0.0084260058351317609
88.42442442442443	0.0084017497225582511
88.522522522522522	0.0083775317587768041
88.620620620620613	0.0083533518571963419
88.718718718718719	0.0083295450668034402
88.816816816816825	0.0083061544451662229
88.914914914914917	0.0082828004983865715
89.013013013013008	0.0082594831434472538
89.1111111111111	0.0082362022975673663
89.209209209209206	0.0082129578782015409
89.307307307307312	0.0081897498030392112
89.405405405405403	0.0081665779900038527
89.503503503503495	0.0081434423572522181
89.601601601601601	0.0081203428231735944
89.699699699699707	0.0080972793063890675
89.797797797797799	0.0080742517257507574
89.89589589589589	0.0080512600003410893
89.993993993993996	0.0080283040494720358
90.092092092092088	0.0080053837926844021
90.190190190190194	0.0079829987548009664
90.288288288288285	0.0079608281772547522
90.386386386386391	0.0079386919917226653
90.484484484484483	0.0079165901210666179
90.582582582582575	0.007894522488366704
90.68068068068068	0.0078724890169205135
90.778778778778786	0.0078504896302424385
90.876876876876878	0.0078285242520629711
90.97497497497497	0.0078065928063279916
91.073073073073061	0.0077846952171981036
91.171171171171181	0.007762831409047921
91.269269269269273	0.0077410013064654025
91.367367367367365	0.0077192048342511425
91.465465465465456	0.0076974419174176993
91.563563563563562	0.0076757124811889059
91.661661661661668	0.0076545279685810153
91.75975975975976	0.0076335083233405963
91.857857857857852	0.0076125209400755012
91.955955955955957	0.0075915657470880188
92.054054054054049	0.007570642672881934
92.152152152152155	0.007549751646161851
92.250250250250247	0.0075288925958325896
92.348348348348352	0.0075080654509985028
92.446446446446444	0.0074872701409628602
92.544544544544536	0.0074665065952272004
92.642642642642642	0.0074457747434906896
92.740740740740748	0.0074250745156494973
92.838838838838839	0.0074044058417961616
92.936936936936931	0.0073837686522189444
93.035035035035023	0.0073631628774012189
93.133133133133128	0.0073429843205529317
93.231231231231234	0.0073230510839931828
93.329329329329326	0.007303148120748771
93.427427427427418	0.0072832753641585901
93.525525525525524	0.0072634327477476028
93.623623623623629	0.0072436202052262562
93.721721721721721	0.0072238376704898783
93.819819819819813	0.0072040850776180845
93.917917917917919	0.0071843623608741809
94.016016016016025	0.0071646694547045919
94.114114114114116	0.0071450062937382618
94.212212212212208	0.007125372812786062
94.310310310310314	0.0071057689468402184
94.408408408408405	0.007086194631073732
94.506506506506511	0.0070666498008397863
94.604604604604603	0.0070473075990401838
94.702702702702709	0.0070284006079283949
94.800800800800801	0.0070095220321818429
94.898898898898892	0.006990671809804702
94.996996996996998	0.0069718498789729999
95.095095095095104	0.0069530561780340745
95.193193193193196	0.0069342906455060428
95.291291291291287	0.0069155532200772078
95.389389389389379	0.0068968438406055571
95.487487487487485	0.0068781624461181903
95.585585585585591	0.0068595089758108057
95.683683683683682	0.0068408833690471408
95.781781781781774	0.0068222855653584345
95.87987987987988	0.0068037155044428929
95.977977977977986	0.0067851731261651714
96.076076076076077	0.0067666583705558222
96.174174174174169	0.0067485818253138164
96.272272272272275	0.0067306705035797059
96.370370370370367	0.0067127858041906236
96.468468468468473	0.0066949276696295105
96.566566566566564	0.0066770960425375685
96.66466466466467	0.0066592908657137351
96.762762762762762	0.0066415120821141952
96.860860860860853	0.006623759634851868
96.958958958958959	0.0066060334671959042
97.057057057057051	0.006588333522571212
97.155155155155157	0.0065706597445579227
97.253253253253249	0.0065530120768909246
97.35135135135134	0.0065353904634593597
97.449449449449446	0.0065177948483061202
97.547547547547552	0.0065002251756273834
97.645645645645644	0.0064826813897721006
97.743743743743735	0.0064658084789907038
97.841841841841841	0.00644896225154759
97.939939939939947	0.0064321407881573981
98.038038038038039	0.0064153440358436621
98.13613613613613	0.0063985719417745529
98.234234234234236	0.0063818244532623941
98.332332332332328	0.0063651015177632279
98.430430430430434	0.0063484030828763367
98.528528528528525	0.00633172909634381
98.626626626626631	0.0063150795060500598
98.724724724724723	0.0062984542600214013
98.822822822822815	0.0062818533064255763
98.920920920920921	0.0062652765935713129
99.019019019019026	0.0062487240699078848
99.117117117117118	0.0062321956840246523
99.21521521521521	0.0062156913846506227
99.313313313313316	0.006199211120654002
99.411411411411407	0.0061827548410417722
99.509509509509513	0.0061663224949592178
99.607607607607605	0.0061499140316895176
99.705705705705697	0.0061335294006532879
99.803803803803802	0.0061171685514081527
99.901901901901908	0.006100831433648311
100	0.0060845179972041077
