Mw	Div
2	0.034634912989549307
2	0.034634912989549307
2.1794871794871797	0.034122512729287548
2.5384615384615383	0.036685635439392877
2.8974358974358978	0.04194486607937721
3.2276897961238351	0.04875849593358654
3.2564102564102564	0.048275268802564504
3.615384615384615	0.047738034610873378
3.9743589743589745	0.05087205089409786
4.104540862020313	0.053112168079397233
4.333333333333333	0.04993106341334741
4.6923076923076925	0.049898175849556525
4.9577953525881142	0.052092722876817744
5.0512820512820511	0.049833501382657602
5.4102564102564106	0.046654144043643223
5.7692307692307692	0.047151922400416442
5.7870098456461072	0.047306987786870591
6.1282051282051277	0.041723571629484174
6.4871794871794872	0.040412098626731612
6.5917103007497868	0.040732049353273347
6.8461538461538467	0.035648787054447587
7.2051282051282053	0.033095613370756942
7.3713882446119747	0.033005325911351205
7.5641025641025639	0.029005077886536633
7.9230769230769234	0.02586841029756614
8.1254962459430207	0.025383138055337956
8.2820512820512828	0.022350446282314737
8.6410256410256405	0.019216619940438936
8.8534424983509421	0.018579085018709574
9	0.016170124660257589
9.3589743589743595	0.013493326332176222
9.5545842695863428	0.01294704336452371
9.7179487179487172	0.010874656223283232
10.076923076923077	0.0089019999800807673
10.228219889668633	0.0085744355900819035
10.435897435897436	0.0067356544831609893
10.794871794871796	0.0054892920847092047
10.873578826053308	0.0053769814033712785
11.153846153846153	0.0038168500118380927
11.48980920932371	0.0031779890474470103
11.512820512820513	0.0030290888711125724
11.871794871794872	0.0019740333614798973
12.075961891290023	0.0017782608425331947
12.23076923076923	0.0013048982576106217
12.589743589743589	0.00093454995716224726
12.630969674671089	0.00091853158884909458
12.948717948717949	0.00051240375724350361
13.153619632444379	0.00044176046820617785
13.307692307692307	0.00028294999844737448
13.642515210445175	0.00019114064637239239
13.666666666666668	0.00016957004812229561
14.025641025641026	7.9134839270352317e-05
14.096022621294027	7.5629154792958105e-05
14.384615384615385	2.9781216945181832e-05
14.512191893151895	2.663177006594518e-05
14.743589743589745	9.6678862523111312e-06
14.888634458523681	8.1583251997572923e-06
15.102564102564102	2.6152580325274538e-06
15.22232004266391	1.7393269819876376e-06
15.461538461538462	3.7850469903396613e-07
15.50920635832547	3.0000626498823413e-07
15.743461286061375	7.512461185930808e-08
15.91537378438462	2.08135117343455e-08
16	0
16	0
16.08462621561538	0
16.256538713938625	0
16.490793641674529	0
16.77767995733609	0
17.111365541476317	0
17.487808106848107	0
17.903977378705971	0
18.357484789554825	0
18.846380367555621	0
19.369030325328911	0
19.924038108709979	0
20.51019079067629	0
21.126421173946692	0
21.771780110331367	0
22.445415730413657	0
23.146557501649056	0
23.874503754056981	0
24.628611755388025	0
25.408289699250211	0
26.212990154353893	0
27.042204647411886	0
27.895459137979685	0
28.772310203876167	0
29.672341799101375	0
30.595162477719001	0
31.540403000521373	0
32.507714258814403	0
33.496765462968938	0
34.507242553611583	0
35.538846801269401	0
36.59129356650908	0
37.664311197537273	0
38.757640046158372	0
39.871031586144966	0
41.004247620635184	0
42.157059567255992	0
43.329247811383787	0
44.520601119365359	0
45.730916104695268	0
46.959996741123568	0
48.207653917488621	0
49.473705029760609	0
50.757973606366789	0
52.060288963366631	0
53.38048588646928	0
54.718404337249808	0
56.073889181232637	0
57.446789935781069	0
58.836960535964614	0
60.244259116779276	0
61.668547810272145	0
63.109692556276279	0
64.567562925597031	0
66.042031954609797	0
67.532975990333654	0
69.040274545137976	0
70.563810160320898	0
72.103468277870576	0
73.659137119785242	0
75.230707574385463	0
76.818073089102427	0
78.421129569273575	0
80.039775282516175	0
81.673910768287953	0
83.323438752275948	0
84.988264065285392	0
86.668293566327023	0
88.363436069625834	0
90.073602275296437	0
91.7987047034499	0
93.538657631515733	0
95.293377034578427	0
97.06278052854401	0
98.846787315964889	0
100	0
100	0

